Timing_seq: "straight","transitionsb","bent","transitionbs"
5.0,3.0,6.0,3.0
 0.99144486 -0.13052619  0.          0.        
 0.98480775  0.         -0.17364818  0.        
 0.96592583 -0.25881905  0.          0.        
 0.99144486  0.13052619  0.          0.        
 0.99144486  0.          0.          0.13052619
 0.93969262  0.         -0.34202014  0.        
 0.93969262  0.          0.34202014  0.        
 0.99144486  0.          0.         -0.13052619
 0.96592583  0.          0.         -0.25881905
 0.96592583  0.25881905  0.          0.        
 0.96592583  0.          0.          0.25881905
 0.98480775  0.          0.17364818  0.        
 1.          0.          0.          0.        
