Timing_seq: "straight","transitionsb","bent","transitionbs"
1.0,2.0,5.0,2.0
 0.99144486  0.13052619  0.          0.        
 0.99144486  0.          0.13052619  0.        
 0.99144486 -0.13052619  0.          0.        
 0.99144486  0.         -0.13052619  0.        
 0.99144486  0.13052619  0.          0.        
 0.99144486 -0.13052619  0.          0.        
 0.99144486  0.          0.13052619  0.        
 0.99144486  0.         -0.13052619  0.        
 0.99144486  0.          0.13052619  0.        
 0.99144486  0.         -0.13052619  0.        
 0.99144486 -0.13052619  0.          0.        
 0.99144486  0.13052619  0.          0.        
 1.          0.          0.          0.        
