2023-07-13 15:01:52.355
10.01419900359161,8.440340148361509,5.683329080701065
10.02053665195139,8.43904036466154,5.696217923232106
10.027096312912136,8.438211456925517,5.702285922449433
10.020200481524544,8.449024776121592,5.708220896818215
10.033337870493467,8.455996002309213,5.72893553864191
10.051032914683832,8.46331783207526,5.753832064395022
10.062802832869638,8.470715554711392,5.768804004792233
10.077522229306245,8.476504355499426,5.780139417780857
10.080107305014304,8.47965372193661,5.790132325141804
10.098246557287064,8.48625916329115,5.796034405083065
10.125950363567549,8.492202398359598,5.7672975300662515
10.130065962407025,8.491813509125612,5.776603034601101
10.157144709008215,8.499129603777897,5.738240508326897
10.169979231486263,8.498405436779807,5.722083041454961
10.178456384596672,8.496258994505117,5.704925423774394
10.177632072047608,8.494498942393117,5.712997784670492
10.172797702254153,8.488777101248001,5.726222534979091
10.176197006014737,8.484079618612826,5.705782146737984
10.187996330180319,8.46658542697386,5.670945557199441
10.193100316471089,8.455371066577507,5.659528382088374
10.204812669170456,8.431670777704165,5.647374607046241
10.202745596501877,8.429480548814217,5.648063537679694
10.202745596501877,8.429480548814217,5.648063537679694
10.207339282434873,8.406459138399502,5.643998447422252
10.19827054584049,8.389574139064214,5.6394808753162655
10.191258404588426,8.377810369443491,5.638208648646488
10.182384243352269,8.368462734152743,5.638441641851582
10.17511134521113,8.361728190892086,5.639823109539696
10.166519073629516,8.358710890949142,5.643078121669206
10.159141889054844,8.345769883482523,5.645925263336262
10.156831907407307,8.344850540184447,5.655251752268512
10.164505570618461,8.357117948141584,5.686483749614082
10.165019968376361,8.36401899538461,5.7072132193013045
10.169312721738548,8.383536411970786,5.729703406143623
10.164749610709759,8.37657738771472,5.7271457057512
10.17215106262905,8.410742181425729,5.757309310265901
10.173467765903824,8.424367374829668,5.762644634673931
10.173467765903824,8.424367374829668,5.762644634673931
10.17645430449885,8.434180100562395,5.763065313840628
10.182740361206152,8.449443032011972,5.761422248652022
10.191157748096865,8.446596284770465,5.758927872770341
10.202513828371156,8.452477784695542,5.758027674482199
10.217036974072489,8.466670329140614,5.746981843850642
10.23514101105194,8.462536344753232,5.751403593054977
10.245113582286347,8.462803955867132,5.753601538717047
10.255959249816792,8.46286510079314,5.747477551155035
10.26388983336785,8.459449501983656,5.743721666716401
10.28706024621213,8.443267288281865,5.735346841019743
10.299985351008342,8.432981210795935,5.7367417216286105
10.31491518017574,8.421642617125102,5.737462754015818
10.32582767164382,8.409703126298231,5.740344926252417
10.334601607032594,8.402160784360282,5.743202047169421
10.340172124551906,8.390358356961643,5.744761975030787
10.343558009336776,8.389078238175767,5.744814733525933
10.343535680326397,8.38334651296674,5.739749337368864
10.34308527866018,8.374779904414112,5.734603973261265
10.339877555459973,8.379278214407256,5.732842622417113
10.336003130466928,8.376933919651457,5.724836771621077
10.330852736569371,8.37677086179072,5.719270995288447
10.321287074866103,8.380494568669445,5.715164533027442
10.32090648681093,8.378313785429567,5.717939986391549
10.31959340587482,8.38289502146135,5.725842871386435
10.320547790270432,8.388930621109436,5.731017877857545
10.324480173184636,8.39436790121381,5.733396252890959
10.330719399750954,8.40273303264649,5.740953243182567
10.336496026421637,8.404094845802073,5.738286991214589
10.351521308674435,8.411935100447925,5.744121212749271
10.351521308674435,8.411935100447925,5.744121212749271
10.361763684912162,8.408022175781575,5.736051986072134
10.370324552911953,8.412309156744103,5.735165036412151
10.37628397142346,8.420090830954805,5.740583445230929
10.37628397142346,8.420090830954805,5.740583445230929
10.384667462200646,8.429956889587215,5.744795884816015
10.389726016793533,8.426718319700461,5.740356931114337
10.389817545081225,8.429416506050972,5.741496786076951
10.388085697134178,8.431802999790659,5.741417542365541
10.384705744675909,8.438769944572861,5.747029529154512
10.37723838420547,8.445596737805685,5.748192469736325
10.37157634223907,8.44976603077698,5.744367145357445
10.365237568835473,8.453595630880832,5.73866186396325
10.359206347572576,8.46081617749653,5.73119964038164
10.353893572345717,8.466756815115561,5.724488391649036
10.350975948233302,8.453708236120603,5.713585043605052
10.350409027464224,8.440983419352245,5.706312814393695
10.348019563383147,8.440807828315819,5.700648086612681
10.347899651557826,8.447058444048897,5.699277068167168
10.35000036744006,8.470533433251116,5.7006144291035294
10.359976592978745,8.489524185000253,5.7061916184414825
10.360191850687906,8.486067216403237,5.705845983093406
10.379617109284828,8.495080695794037,5.712238431088306
10.380423259576805,8.48738269082323,5.709974817526646
10.393716038293345,8.48618829969687,5.710663843657856
10.406716526131,8.485908798745148,5.712816695918688
10.433578575788244,8.488037628478704,5.720264173926471
10.447758488435365,8.48559726492868,5.722741078208286
10.449388559514894,8.485141081022853,5.720298296698358
10.451512359105397,8.487449356070293,5.715653109276773
10.465831531205824,8.488166645455234,5.719749954019132
10.46452993108833,8.492770863809433,5.717534646574194
10.49382934203457,8.492599711153533,5.732151853294788
10.49226151359222,8.496182411559271,5.730756519873532
10.50624443745824,8.497714121513626,5.737639136611187
10.535113696354555,8.503358019385406,5.756093574558903
10.532171955165673,8.501939972611193,5.753071065368977
10.547507422642203,8.506265874083924,5.763701561859667
10.558734328034001,8.50867498566446,5.773195124936803
10.56837925454023,8.50965119113734,5.780733383201262
10.580246074175937,8.512769130911643,5.790289615451549
10.590958346247955,8.512410081796938,5.798307592071315
10.600447317269529,8.512985629982747,5.80555362428723
10.612185220162463,8.512213673134427,5.812165929306534
10.621976449388335,8.507862068494669,5.814334312043158
10.642041035864498,8.5071122205784,5.827385193665257
10.650231782313526,8.501492624862461,5.830992134021295
10.655916962424378,8.496299971684623,5.8331954586273405
10.653025354499867,8.482515571194114,5.8252986324140394
10.651719918620502,8.472944429252514,5.821008979840234
10.649195960542345,8.46734887929941,5.816566158311782
10.65488986210972,8.474704368929975,5.817694436580987
10.659985832323592,8.474600411833949,5.803765361006134
10.654757506820733,8.463260385841814,5.798416658556688
10.65695795611021,8.451435101048903,5.790352888549515
10.674174644602498,8.456401284827756,5.788116084349585
10.685390088233257,8.46352323328849,5.795755834415548
10.690913538739851,8.450489818048595,5.805101933273964
10.697798623633815,8.456575233840844,5.818175497211818
10.703220496627514,8.46311117989194,5.828072341101975
10.704845294799933,8.465360890590837,5.830767150542929
10.710937730601435,8.471189993436461,5.833456630896373
10.71740436226613,8.473904540010528,5.83556384775472
10.724989070780778,8.47301436990822,5.836936950663128
10.733749996523615,8.472435971627412,5.839473929830144
10.733749996523615,8.472435971627412,5.839473929830144
10.733307437379032,8.464454427737365,5.840458732529729
10.729839395968925,8.463161342510334,5.836989957380135
10.745305467249134,8.46507072013374,5.835542486692268
10.752898891434342,8.460973035686575,5.838139932974052
10.766137218551112,8.444026139723853,5.845299654838912
10.773081584585173,8.434254868644532,5.851633179039821
10.779918289018273,8.414735228867938,5.855163424983274
10.779918289018273,8.414735228867938,5.855163424983274
10.788279989800225,8.399184583121793,5.861773774351002
10.797190359611552,8.387214129234422,5.865332724783891
10.819158688046944,8.371031582090048,5.8670528515650835
10.830290186201568,8.36256300010404,5.867282156755833
10.83719924220815,8.356651024955195,5.868254934868741
10.84001897501393,8.352030725140846,5.86664097649778
10.83622249949536,8.351366955255983,5.862711852755384
10.83815816518056,8.343430338297374,5.861122263190315
10.831844178855517,8.333214924982425,5.8651335887121565
10.822068038609284,8.330630336481097,5.869927574512352
10.806561624445402,8.330064756778219,5.8800065172435465
10.806561624445402,8.330064756778219,5.8800065172435465
10.795957264158382,8.335308407744808,5.88611081035208
10.790005109475313,8.332659989898737,5.8839112869465735
10.79076102729982,8.342607413308519,5.8874204803291414
10.787464326275995,8.338961052780622,5.885597211738186
10.78668003079728,8.336415681507745,5.884764878775171
10.78800521565114,8.333282852137815,5.882339268833334
10.791614792614237,8.339310307550615,5.879848213855739
10.796256101869625,8.346780248811491,5.878959872658123
10.799995977164508,8.351449549792763,5.879816858047142
10.802859677394023,8.362936495646466,5.882166695994069
10.800280627681552,8.37109009181737,5.8841227315299225
10.800496724988093,8.371316317458161,5.889456027527931
10.79518559503146,8.37223657382102,5.896182404505572
10.79518559503146,8.37223657382102,5.896182404505572
10.792425152692564,8.366276601565731,5.911451111363383
10.78945639524621,8.359480019914898,5.919759747600448
10.794479019380153,8.34980707481862,5.939533697151097
10.792689760791694,8.352338082781058,5.938148746561084
10.795621407757494,8.348728314051174,5.949224947937374
10.800672470060817,8.343764490770008,5.958784742382263
10.800056420522363,8.344034232892287,5.959653451957444
10.810591783225393,8.336478034226364,5.97532158161738
10.815280122178796,8.335432950633617,5.9837669845393435
10.812536155270065,8.334658053534294,5.985528947428066
10.821925848262577,8.331725356458698,5.994637654953712
10.824279202168205,8.331988142865747,5.999048063425715
10.823373638028446,8.3303398436815,6.003201981538684
10.830590341639489,8.329197949270789,6.001961935457825
10.828268442664063,8.332068139578999,6.005398230398826
10.834527929960144,8.33163240588466,6.004062538062108
10.841778745245202,8.327084149514937,6.001229969191404
10.865843180700757,8.307096866280183,5.989726324224211
10.873983009843903,8.301961645707953,5.985955511791318
10.89267226677517,8.293028507147262,5.982099733491087
10.891161088286212,8.292238874292487,5.982787015751977
10.890105124040378,8.29465693050143,5.983147141895954
10.88799149796019,8.298452719703093,5.984360118540899
10.903957537641503,8.299829246881426,5.983502439047092
10.91759514907989,8.298616858070108,5.987154235025182
10.92346612270422,8.292903678310532,5.991221592452508
10.928024451284735,8.290620720639396,6.0047534095577095
10.934874711674597,8.286136013365207,6.015093901112379
10.941383228880659,8.282417452992037,6.028149320922639
10.948414936936544,8.277895665249948,6.035143449791333
10.96079174075185,8.265575610248833,6.042689160613943
10.964668936248701,8.262340176387722,6.044997210446839
10.962411102974679,8.262089261381634,6.044162248279722
10.962010001584542,8.26096478684161,6.041631149432222
10.958406410293984,8.260938683188071,6.040357861508773
10.955312642257592,8.257862679125536,6.036894537460551
10.957788658004258,8.253929973286484,6.033352615591197
10.953445328989492,8.248738590589278,6.027491622056125
10.947486201392813,8.246655969275338,6.026210644246803
10.937988998521721,8.237634421345309,6.020426587514083
10.93771202943885,8.23349115541878,6.018878454959414
10.938515638253728,8.221697982502846,6.022858908276609
10.941392042251978,8.219447032867444,6.030930785416217
10.948300777978307,8.228618853423304,6.032368764924781
10.958355510322379,8.250907372930005,6.03539751372085
10.971306645384317,8.282498422040675,6.040603089867793
10.983575624039679,8.31596069007426,6.048343687599937
10.9965204317471,8.348776500171011,6.058868914750536
11.009691906004463,8.373832107673582,6.073092975525779
11.022403193585058,8.396052252696164,6.082748860367196
11.035095352596185,8.412869524036848,6.092598089593804
11.042467004922695,8.442141806596378,6.101447267286639
11.06078778427492,8.43455246733668,6.112505333816423
11.073682415063889,8.442929104997146,6.120956071942738
11.08403744075835,8.453605703311313,6.126308482005842
11.091874694706222,8.4582789878315,6.12604122686947
11.096679222008767,8.457751318341536,6.12348010339479
11.096999932963339,8.450573762151468,6.12335005592091
11.093922138443322,8.43573798334939,6.124547114718934
11.087640152162372,8.41226862359311,6.125728516279905
11.07720846396914,8.392258907708433,6.124753735765109
11.047984178310845,8.343779171926942,6.116081489793106
11.029281353452607,8.325530120772505,6.109355962403298
11.029281353452607,8.325530120772505,6.109355962403298
11.005540519924587,8.315026957957363,6.102561641285853
10.986465919634353,8.304221121651068,6.09959590548784
10.967678992403297,8.295167597172009,6.098002300167356
10.942498172642555,8.279744221594969,6.085695582644135
10.930825782596457,8.278385058801454,6.081089025063645
10.930825782596457,8.278385058801454,6.081089025063645
10.922977277949231,8.278015629166367,6.081426560498254
10.916981436528793,8.275202277511543,6.077014255995293
10.915299387153318,8.285530882971829,6.083314197538097
10.911113114474098,8.29703431361434,6.094315807289017
10.912592732252696,8.30843171389333,6.098794783084182
10.91511515740998,8.318624800202262,6.101835411219723
10.918431732021974,8.32435415404287,6.102592963896533
10.93265918850841,8.3199756322505,6.099452841711505
10.937961786039777,8.322082169459424,6.106823033011494
10.94809359731272,8.316955329402555,6.112623603221066
10.96407053050145,8.312049326569307,6.123283441698087
10.96407053050145,8.312049326569307,6.123283441698087
10.983720723924556,8.309746771484306,6.132967301193492
11.00057489278369,8.30349864001267,6.150194008480914
11.005971189218704,8.303447912206705,6.158701973504002
11.008628204026982,8.304144791695826,6.158072737662443
11.006974675373685,8.296092145648652,6.16843658911783
11.008501859777647,8.301013167315448,6.170078755272174
11.006999935773454,8.299622564025572,6.170222548166142
11.003504791694935,8.295929988154322,6.177555417119694
11.001444404617661,8.296031001823346,6.186830453849563
10.99940449358775,8.297131865057514,6.193465140221809
10.998584876114883,8.30076706263489,6.195386474295811
10.996819558848644,8.30609596431499,6.196027933749164
10.996444932976086,8.303512347752065,6.199546924910347
10.991045437373584,8.305944009861003,6.198608292959303
10.986181307451135,8.310311587963929,6.19521708594845
10.975232198487051,8.323370900468142,6.183023010209623
10.974337209198392,8.31973875934491,6.185842287289117
10.957816709879012,8.337299338495846,6.168872856480671
10.948312416718487,8.344198309425046,6.1591114543658945
10.944468732905738,8.340975749436062,6.15925572064927
10.928425736721895,8.351434282898925,6.1403041411999935
10.919244942255501,8.347203955281454,6.132603188457317
10.899823414110303,8.33599373599605,6.123529762837019
10.899823414110303,8.33599373599605,6.123529762837019
10.888259588265592,8.331245292655918,6.121584585323259
10.884596286667175,8.324259989256179,6.123791368825496
10.872928242550639,8.328623985365958,6.127368963111193
10.84604422396646,8.34808588158261,6.149511427704861
10.833121446131457,8.360635923554996,6.167704025740308
10.819325034830271,8.374052111469187,6.187554296342349
10.804589806273302,8.388546256850974,6.207581946709808
10.778738661375826,8.40124675861939,6.240226934491388
10.767695823960002,8.408234114524472,6.256909922454554
10.755479437687125,8.418108682145277,6.2596869624809575
10.753040218529986,8.412882117953346,6.277625153584547
10.746288416899116,8.419514741368516,6.277004943704671
10.749839403178479,8.415786908122724,6.283836762827332
10.75752755473404,8.409522465050761,6.288771434645459
10.76071609609921,8.41072094785454,6.288607325684528
10.772064655265316,8.4056277032442,6.289136533241527
10.786025396916429,8.394774613294079,6.288048861629191
10.802991392069963,8.38237636455054,6.28498988677597
10.81046884984516,8.364493331891307,6.281838501171407
10.814918448962793,8.351813134392513,6.275339334777204
10.812409023797953,8.353353055539879,6.27481099935662
10.79758963964242,8.330925135422634,6.253597495357364
10.786641802585308,8.320073067891459,6.238748837301686
10.739572974065743,8.297562130298084,6.205201280848323
10.733021874820603,8.29690232055641,6.204434896406307
10.70512809013157,8.285112997739702,6.192583905599646
10.667268663902403,8.269072118086376,6.189618725273983
10.649278259089149,8.269720309562706,6.197554414728344
10.635628784555173,8.284722143517481,6.216223920947848
10.63380530622478,8.288231370673238,6.222899669521373
10.622111159341976,8.309943792873094,6.244850186262123
10.622111159341976,8.309943792873094,6.244850186262123
10.619680859005157,8.308758876252984,6.25846919866716
10.619718524477237,8.304946344946353,6.280907447581155
10.619787922216561,8.304128678055461,6.291582075071433
10.615981331239212,8.302795101234512,6.296276552532089
10.612159240572032,8.301546103129485,6.294496264229854
10.612652237964069,8.30407415121125,6.293997737211934
10.61590293687297,8.313255971234648,6.292831356594263
10.623274526635605,8.329776481009961,6.288783619618781
10.628601023505155,8.334722931769306,6.283695955267102
10.636872029898255,8.3276835427976,6.280253820190118
10.639518697403332,8.333011647203985,6.280130738848905
10.649583903555769,8.333631226743623,6.284953116946892
10.663345875272741,8.336185661194769,6.297719710191885
10.672973925243735,8.337441086912905,6.308657302721272
10.692593497838455,8.338609718618327,6.326629261051752
10.692926969231053,8.34454819626929,6.332010090273605
10.703132205660737,8.347864588794707,6.342829646755187
10.713652836389379,8.352925553443184,6.35310192223848
10.712378498083828,8.362110016595432,6.355260461890504
10.714621345474926,8.383628544237288,6.362714446046541
10.72561460635357,8.394750956065899,6.371296470441589
10.713887195881988,8.401783597612091,6.367984616936368
10.71916307475229,8.405923552074114,6.373639273423022
10.707706549505584,8.407117149696404,6.377536963932272
10.70356032845428,8.413865128252459,6.385987469968779
10.707634208617776,8.420047455064571,6.397462965960358
10.708816169709635,8.428765315406766,6.411416347628096
10.716475986215428,8.434622414967775,6.418994750803977
10.722563835008552,8.437023578540371,6.423854855938669
10.73272601798961,8.441948262893076,6.429080280783065
10.743812241570687,8.448186941651697,6.432690060646647
10.752350598398511,8.4490250876213,6.43062144285338
10.76137830127361,8.455539298648667,6.4292439924911635
10.76824264966978,8.459710869341476,6.426265901815362
10.773951798158,8.462650115330758,6.4227065308771145
10.778427868826249,8.463592361899734,6.425838074726305
10.781761901813693,8.462411800027894,6.420689450807224
10.782301122638938,8.460060741685343,6.416237496784233
10.785719069816084,8.458856674233358,6.424313686269646
10.786787791355092,8.464270110379111,6.4357884767645555
10.786480742554728,8.467204329483705,6.439938100849781
10.785356152181985,8.467978063613335,6.440881729772041
10.784340986832332,8.46469347570044,6.441722219470253
10.78404613155475,8.46129064165764,6.4428838274623494
10.780741473250858,8.462093780703267,6.4393793861977775
10.777601579761807,8.459140940822289,6.435855559753786
10.773332137723246,8.45644262118618,6.43362203791504
10.76730564491832,8.449754691319415,6.427753082503998
10.767894380060264,8.447576305117497,6.428126105409716
10.769026031102321,8.440962236434366,6.426777019399614
10.76648335442046,8.429670097834018,6.4223055720392095
10.767711645941572,8.414030053813526,6.419093110064326
10.769631553737936,8.400764215668126,6.414692891461119
10.771152356421245,8.38052746455226,6.408023172591657
10.772311603416178,8.377853668630884,6.406170898974115
10.772189736595086,8.364282883116298,6.402248054170843
10.774837211224334,8.338993532307152,6.404837109274751
10.773546633453563,8.334389701674477,6.402881138832613
10.77660940048503,8.30995584632277,6.412195252423665
10.774733900688053,8.308497124689552,6.413273333844682
10.775132772680676,8.299194196127136,6.419104012325796
10.775489157922443,8.290140654928814,6.4228016406906185
10.776387858022593,8.282519306010052,6.427038144130067
10.776209830453043,8.281620857842505,6.426124994474845
10.770590066305948,8.282684429800106,6.422668752315781
10.768854786552868,8.284433054831277,6.4234368732871445
10.765725222422125,8.287095073873555,6.420828499813329
10.761471583147507,8.291101437809123,6.4210053251734855
10.759692358502221,8.290679655312333,6.421030851692173
10.75874556185116,8.290779296519213,6.420908621397752
10.754917011236055,8.29314491431335,6.4188219958770905
10.75269407784999,8.290726604383568,6.416790862133734
10.748605004445142,8.286981872423391,6.418342764951178
10.750446665168104,8.284497145735143,6.421071573054626
10.750083241884175,8.281590978936153,6.425603420890434
10.751554932360909,8.277346599141424,6.43411848770224
10.754687316486208,8.273255418139346,6.446289904640475
10.757095100430423,8.273620841638897,6.446191421510624
10.759651552455235,8.27210155047433,6.4511925728165105
10.760250313879821,8.27282046785499,6.453587595433643
10.758837702888718,8.277147228006749,6.454636649740393
10.759530139857759,8.277422885562531,6.452909800340335
10.75628421338141,8.279173004019949,6.453129469388333
10.752361830570269,8.27535635929444,6.451583310224235
10.750293261716376,8.265752268054419,6.452767090569404
10.749219028430327,8.254230938962161,6.4571933638566765
10.750116467729846,8.243728116997447,6.466257138215369
10.749768082786446,8.240720013101384,6.478278610830731
10.751603841832821,8.255160549957997,6.5037956167993425
10.747485799987206,8.264310689408218,6.510355745939109
10.747485799987206,8.264310689408218,6.510355745939109
10.745584725217826,8.274809240993022,6.514739318354759
10.74650396405244,8.287413999664818,6.518689189475829
10.74896041164436,8.29433541491258,6.521295080223012
10.765549272029203,8.311452602598763,6.528662792989229
10.777895018037142,8.315719964784227,6.53406423306643
10.791105707117973,8.324024954806282,6.537562237158802
10.793585932529922,8.319004013247058,6.539991037482649
10.81060396067281,8.325814149461392,6.547816641872895
10.84227368271916,8.33474501620892,6.560215769161436
10.847367017873605,8.334382634414087,6.555858501772202
10.874805954799644,8.330255400605678,6.5699535028266025
10.875699228498073,8.328442602454905,6.566736149524102
10.889154864814012,8.317867208012276,6.569958969087339
10.901536384459218,8.305190743217851,6.5729525325015095
10.926035467883617,8.288332499801077,6.584954964312164
10.939262831753865,8.281503733366328,6.59102089553121
10.939262831753865,8.281503733366328,6.59102089553121
10.957631063129586,8.265556140584161,6.597102638165257
10.954915380239536,8.258429656516986,6.59346633665417
10.964075916025534,8.247508649581848,6.589923987292669
10.988469857455515,8.241946528010123,6.581190107613249
10.998931252125393,8.23915729258263,6.576499379580395
11.009194923179656,8.243942602310405,6.579697225155303
11.015258523136188,8.244740663578751,6.578116280600268
11.012573109963274,8.243600285645293,6.576515651260284
11.00962855827557,8.241010225166244,6.574967605319117
11.019332518447136,8.25453282596667,6.585372289572576
11.031407896495637,8.255882075579951,6.590921894552581
11.023444476248606,8.239620100393617,6.586268855464733
11.04147478125812,8.241484787481026,6.591849987975681
11.042215226817166,8.230145405532692,6.587457758913799
11.03964714451815,8.223499339314973,6.584814713981296
11.03964714451815,8.223499339314973,6.584814713981296
11.034773039169849,8.210903360565446,6.579155309144664
11.049037155343617,8.211576017832602,6.578602230084142
11.057080168912014,8.21003510258758,6.576903267678909
11.077641876694896,8.216327057220242,6.5829421773384444
11.085610510494895,8.210541696472268,6.578195968227215
11.085610510494895,8.210541696472268,6.578195968227215
11.103439744768055,8.221075442035906,6.598060762105389
11.108122586589191,8.214811916961079,6.602164859151027
11.106532072393291,8.206369887512402,6.600391509313737
11.108383358373134,8.20490353629785,6.611907833168924
11.101738468548934,8.191347338887981,6.621318495054879
11.104037481682417,8.193419724060659,6.632808266500183
11.095356562925158,8.17705459235862,6.6369463359443115
11.092793889584325,8.168539667932437,6.6433321043884135
11.082286250925081,8.152915208063519,6.634748283642544
11.085820979365897,8.145846624182827,6.651506789585416
11.090038228217285,8.14497669586998,6.663541674498806
11.09153841637641,8.126007337169371,6.667811599823797
11.09628677096062,8.117318625904927,6.676009447566242
11.103206787210185,8.11021009325625,6.685970456196205
11.107664554452914,8.094402266611759,6.693745679055742
11.122726097426431,8.092706394691538,6.704718265422499
11.129851227880142,8.092956569234014,6.705454451153441
11.135026776799995,8.085012862309545,6.704388147327072
11.136936061420624,8.072557861797439,6.7024755354054975
11.151239133542797,8.063659403955988,6.705297073852142
11.147457402269955,8.049469304537062,6.701252759495242
11.143816015236048,8.045138735706438,6.69774597037851
11.149863927156,8.040109569756252,6.699929640227378
11.148415238984041,8.030258754052811,6.697019192531401
11.14987133264189,8.02526606611889,6.6998953210707946
11.154083816967129,8.018263397707841,6.709654888033254
11.154689628387976,8.01450645868236,6.7160766864609185
11.154689628387976,8.01450645868236,6.7160766864609185
11.154705324565501,8.012055495886736,6.723320728927016
11.15645317508044,8.008607342775095,6.731030319083235
11.168915689049514,8.007094042477423,6.744925697393682
11.160028147090477,8.006392346775158,6.744226546504234
11.17476879419574,8.00682527693769,6.754361670492432
11.167161181868279,8.006086966396863,6.7561660605205285
11.17212162515261,8.00609282708073,6.759803058237047
11.175942780654733,8.010003156516952,6.761868320441362
11.174970810721787,8.01041397588139,6.762945414345085
11.17901146573455,8.012594021674195,6.765946520487989
11.182113810955036,8.016109867349876,6.769914943732024
11.184339302787048,8.020637692608743,6.774270945551834
11.185185070882564,8.024335375872687,6.779894993846164
11.18905184519666,8.02266784846924,6.783827534755465
11.180646609224334,8.024782214278995,6.782584880129707
11.184584396089411,8.018465252633796,6.790497468599941
11.18721700327417,8.017321452920148,6.79488281085107
11.18721700327417,8.017321452920148,6.79488281085107
11.180078897176687,8.019835517089943,6.7974770949973236
11.183719285346532,8.020183038699587,6.805353805242738
11.17874637994646,8.021547079792402,6.806279215999029
11.17874637994646,8.021547079792402,6.806279215999029
11.17874637994646,8.021547079792402,6.806279215999029
11.174898354325645,8.020828266597707,6.803991862230069
11.1976382740219,8.019198327382274,6.8304741362189825
11.207107958353822,8.022907927763148,6.845373990337027
11.217051468106567,8.033407615037262,6.8639758724924045
11.222995459519467,8.048557742835495,6.884304227249004
11.264413146094917,8.065721305215247,6.919214820765288
11.264413146094917,8.065721305215247,6.919214820765288
11.263781076212172,8.07713622853894,6.929387291105224
11.263231284844156,8.090850814209334,6.937109417769058
11.259277355823336,8.098678876510968,6.943764403932886
11.26296377973145,8.107647878965865,6.954350855914642
11.276443158177068,8.11991153658569,6.967618717522725
11.29132982748463,8.125758312682567,6.973490758045065
11.291569356785548,8.132233212876665,6.973661053179735
11.298044638914085,8.12872293554137,6.972582035122896
11.304004944144262,8.123800766883809,6.970299026871831
11.302177781710997,8.136225657262043,6.969413189645248
11.303278330830247,8.13603848082301,6.964466530686464
11.305778126647532,8.127759418993548,6.9610183606388
11.317069236130788,8.104579037471456,6.954305986463309
11.323497568626532,8.097577712254171,6.954014182379717
11.333215709317608,8.088839358985716,6.95499142800306
11.344743216144856,8.084467403237475,6.957356576987583
11.364833748070513,8.076477386881672,6.961888913936291
11.371158081005449,8.081185057277398,6.966161311132607
11.368580509332538,8.083829216043942,6.968159033274197
11.383711015134883,8.07610157984103,6.962267807778786
11.394058458914087,8.077540924798,6.955172907785692
11.388320372533258,8.08147552026156,6.95792657345479
11.388480934581642,8.08385518591783,6.9591248569942215
11.371690670669517,8.087672475033589,6.968732949907488
11.366386379124322,8.090180040062348,6.973327741506936
11.352799956388118,8.09269033141495,6.979523645980981
11.344536981561902,8.09722694192631,6.980495208471412
11.332401274506077,8.082833239073988,6.982254599962997
11.332397694845369,8.078332226944664,6.980979871977209
11.334017951302442,8.074952540780853,6.979954671664877
11.326014341354709,8.083879560414244,6.976285756317752
11.309500830999593,8.103913675725057,6.962178487157939
11.290081590143371,8.128970078936177,6.942640746652113
11.295642646665623,8.123707971975023,6.938427596636808
11.273614645557645,8.148621522312771,6.929886643030382
11.276621418574186,8.144071869924215,6.927107627393227
11.24928853126321,8.164571199400408,6.928937703050795
11.23586145924521,8.173299817262194,6.933490420826731
11.22215944178439,8.180137958403547,6.939202167698308
11.207462367710368,8.17883445277147,6.93855811986686
11.196048445957874,8.182938637240175,6.9433733746978445
11.185404646463958,8.185211543319495,6.947644852537755
11.186722116478789,8.180084131435915,6.944190793631753
11.178528480557715,8.173242059835363,6.942805703592992
11.162720781716128,8.175106824780435,6.9513516771589705
11.154063633446524,8.175779928900766,6.9560373522162315
11.157697708062026,8.17648989929887,6.956345849898331
11.148058593271893,8.174195424118135,6.960183900130318
11.13239933598264,8.171417643698092,6.965695544965119
11.127408273308651,8.168662014985124,6.965577947011954
11.121097221354095,8.162713787904325,6.967484460108886
11.115607337650257,8.157639239261123,6.967669252996198
11.11006731102314,8.152605305050253,6.968288278674755
11.108737823020777,8.149977908513398,6.966797847148301
11.106933935257631,8.154385148827682,6.9691829253672415
11.109997844579512,8.158692541978267,6.973446670773956
11.115192368613965,8.154832129485495,6.968552168836869
11.123610764848333,8.15218528251197,6.962810223955517
11.121899925938393,8.159106773520392,6.96550547559614
11.128107370626033,8.167908006253656,6.9655561758583735
11.153199574368683,8.162530126214339,6.950199841373349
11.15193971086326,8.167008194582547,6.953812010856439
11.165152344752697,8.1645660942985,6.9493028054228425
11.192840468536923,8.152748156615731,6.9398652319941885
11.20916762836835,8.158039924625905,6.944223349181375
11.226231397035127,8.154332051035492,6.946736785883174
11.260016161704717,8.148279532557945,6.9555108946115425
11.277482243122316,8.142134231386693,6.959404644030705
11.312261907873449,8.137809464881542,6.970875171924983
11.312261907873449,8.137809464881542,6.970875171924983
11.329042883984805,8.143157078773706,6.980050303551902
11.358622233147637,8.143611472967164,6.986262524642317
11.369245782972232,8.144152621894042,6.988656084094861
11.379412782623081,8.141974131599136,6.988464923633696
11.396212338638401,8.140605241201692,6.985384582036688
11.39672905105342,8.139510950427725,6.985167251928375
11.405526269991432,8.142252717468457,6.978443554568104
11.406766436724471,8.144212051987099,6.9743634670657775
11.403865781912925,8.145316240989514,6.978019745421463
11.399225367808116,8.151424376642058,6.967700757062534
11.397959750915753,8.150296238560381,6.969716634582917
11.390895847989597,8.15179032676513,6.965966925824434
11.38320456553901,8.157919771949137,6.961100898723252
11.371309888176755,8.161216969163256,6.957965653510396
11.358695620921075,8.177799602151161,6.945614661374373
11.348165708742952,8.17198424556117,6.947049918346729
11.336851253999452,8.189225661348397,6.934784770824945
11.33264728920999,8.18365025193594,6.933062422873112
11.327223554888468,8.175336756040704,6.934970743740382
11.322408656704662,8.183076370606832,6.929135413458079
11.315490245450109,8.195520374424815,6.920154675117641
11.314662222907085,8.20051582907366,6.9185161048629
11.319576001124657,8.21447741357978,6.929498515593385
11.322883263616367,8.225709434416597,6.937357846941569
11.32674645742823,8.242407433150248,6.950037546377763
11.327130583894048,8.26679571222374,6.965130747010674
11.333913000901811,8.284986670795664,6.97229845075582
11.326959148769776,8.292177611468764,6.978915095392172
11.33368949952544,8.303530610032837,6.982156036847642
11.335744169893523,8.303664546157346,6.986134515765392
11.335744169893523,8.303664546157346,6.986134515765392
11.337439516516058,8.305226964461244,6.998099932119676
11.346548313615918,8.312242716534215,7.000490822195726
11.366132385890875,8.322620092149188,6.99965172250062
11.38573379523849,8.328087958434107,6.993529943316955
11.386000545106835,8.337858397130184,6.994045996324822
11.394533356736321,8.333418023369948,6.989711713793033
11.392872587948446,8.341304118948706,6.989977572792386
11.398837719056353,8.337529989619732,6.986500814109306
11.404588318825827,8.330991869510894,6.984555898831312
11.425268047638214,8.317117660976962,6.984384333506276
11.438570602424125,8.30880900735038,6.9856075576767855
11.44321644221587,8.31002504024996,6.992474866505645
11.439733526141847,8.310802157256045,6.994405272987427
11.459257600361921,8.2992807687193,7.001465564760549
11.467487303228701,8.302269313878186,6.9917938222416405
11.462361612805992,8.305652018546832,6.980783734311723
11.453865517692464,8.31030116720602,6.968212431852232
11.453865517692464,8.31030116720602,6.968212431852232
11.435783989837539,8.309055413948883,6.947765628832802
11.429155701498196,8.311510522003507,6.94643939991861
11.390726936733223,8.31233371530734,6.940378905907715
11.364236452902578,8.312641836695368,6.938966469097983
11.335839652637166,8.309869947528442,6.938892420267907
11.318794881354957,8.302473680140043,6.937691328260933
11.310245854110414,8.298270733494734,6.935290043766268
11.263174437621009,8.286196524902781,6.932644775434521
11.263174437621009,8.286196524902781,6.932644775434521
11.228481116256996,8.283996813789436,6.9300995371274805
11.215980042053163,8.283235097478746,6.930641745246649
11.205900158068822,8.287604910753446,6.932616088622049
11.197130732080169,8.291085114842916,6.936912279055105
11.191756003487225,8.295837018963148,6.940306721670976
11.18988334832996,8.302691466000645,6.941569027552912
11.188083399313419,8.313020619229519,6.946077371788558
11.18196910616795,8.338875036846975,6.956222955801868
11.182456480471187,8.337997664301117,6.955157995959132
11.180743592378542,8.353434014407537,6.960522991424289
11.17821297158299,8.367562171568958,6.964223937372039
11.17930004054291,8.39754128525401,6.9713773291246115
11.17722967823718,8.394637878822298,6.970733629251316
11.179926177246566,8.413132245874769,6.974410212861376
11.182572352359411,8.426185255963293,6.97929839300264
11.18539618795809,8.44088004399654,6.981725833483082
11.184439692336795,8.438749471030198,6.9846167604439895
11.18336169426842,8.460565175932564,6.988803986827899
11.181646440896797,8.45767390656675,6.989371538246545
11.174315906826806,8.460435473471616,6.989665716960861
11.17344067216103,8.469377741629616,6.990304892404693
11.16852038529638,8.476530383384342,6.991960358184946
11.164746703424152,8.482463655148617,6.993314342742397
11.163311721093608,8.48430771362229,6.995156671129331
11.168000629761147,8.479562148225634,6.9941052715193175
11.175421566786833,8.47164076036109,6.990761707885653
11.190571793368562,8.456250527852834,6.984968366241482
11.189256902199704,8.459234143449002,6.9860391044741315
11.197931572665693,8.456104991336986,6.983319621018459
11.206357256771204,8.446333561272116,6.98037074764842
11.210083804753449,8.45636154412288,6.982077158933964
11.230234284566565,8.439061503639625,6.979223322408355
11.24170798650007,8.43341842027164,6.98039572234372
11.2507656702184,8.424054643169818,6.983332081341228
11.258841817595659,8.416413012167963,6.987097077279332
11.267571074077358,8.411030609330043,6.992944236494046
11.27473496063797,8.408582816451721,7.004212825332322
11.282495779690796,8.392311633107846,7.016523816343417
11.281807992448508,8.39624968960498,7.0228796302909595
11.281701130223656,8.390928450705303,7.031664545629128
11.28061878849575,8.391362461552532,7.033125050981911
11.27993505776761,8.384245461865092,7.0382389381596395
11.277297899718397,8.377867318350141,7.039392214541143
11.270196081093786,8.371303535155398,7.039942086881146
11.265757634256904,8.365495363557233,7.0385643372641775
11.261831576031454,8.365538067434633,7.037591074229119
11.258222053914528,8.365883672014075,7.037501512148244
11.260742587222142,8.354766877195484,7.036055042003316
11.260908068423593,8.34570730403412,7.0359134496227425
11.257815361916842,8.34887896431696,7.035619896597855
11.256307229132288,8.343917003900895,7.032133975418242
11.25227683780971,8.339104898213943,7.028834793522456
11.238061806859045,8.345433321705826,7.03017033840596
11.237441845971055,8.34176802486523,7.029250303250959
11.217658875554584,8.356087335080609,7.024409295713012
11.215366652603498,8.35070862343321,7.022406768280736
11.192090114594226,8.375953049395989,7.0099566911452955
11.175296430529059,8.383661732235986,7.001067859914527
11.167323965450597,8.368105483508485,6.995651844922495
11.15345022326832,8.386016903687832,6.990932028456467
11.13571967952117,8.402050971232345,6.98485462896907
11.101302504270867,8.436186953722519,6.978110167701163
11.098145949509808,8.431107429313597,6.975078255188499
11.081943999321346,8.442304694539722,6.974989359026871
11.07082029745622,8.454856719294755,6.978552544038533
11.070728524698499,8.447179185731263,6.980473295193017
11.046154961855747,8.488491330684504,7.000497458800664
11.034082795929315,8.51108133832535,7.011805158324204
11.017041897867438,8.534297590896168,7.0216384492240715
11.002697378024706,8.535634991284589,7.019528004838577
10.999395342390123,8.533732561628632,7.019923945041771
10.97070398533514,8.568913570918372,7.017973590745027
10.973473104572232,8.562513743763619,7.027190224043568
10.962243424466696,8.575964598897349,7.024445132218116
10.947003209027644,8.587255111255228,7.015409229810022
10.936820578300871,8.593399798026569,7.00864989626812
10.912148277021407,8.596296816549284,6.995892298136507
10.90246866888207,8.597513989012727,6.9814437298271805
10.900847558205005,8.597487962770682,6.977345380818991
10.89898541678013,8.595794242688749,6.9732137826035006
10.89898541678013,8.595794242688749,6.9732137826035006
10.890255809288067,8.585898591741092,6.96405740221349
10.884606174334145,8.557368067554728,6.954549773826687
10.889808000566509,8.541325580961825,6.948705570904828
10.899230504447974,8.526685914120879,6.94334230994603
10.911050382992686,8.51227955886858,6.939175063398247
10.924620457824695,8.498953421245881,6.936102642075197
10.94183072601414,8.48831926584646,6.934287091381515
10.95288863941645,8.48000514278968,6.931900902297495
10.960350061078115,8.474825220947004,6.929973241041107
10.961238522210124,8.465873360131432,6.923032711571281
10.962645461177482,8.457350184078127,6.91686877003133
10.96716225497309,8.453538028019114,6.91189225539572
10.966351950972443,8.44787184986926,6.905117469924416
10.969922320692252,8.450478316562531,6.904363777164799
10.966809326917774,8.44752626471535,6.902281057611693
10.967790509224177,8.446072213811846,6.90244879298873
10.96960477923701,8.446937890599289,6.902208419093809
10.974844975872621,8.449100669607482,6.903130285333655
10.982539327443186,8.45011857263525,6.905172362603026
11.007152255961104,8.454779438953821,6.908558959246921
11.019546041871633,8.453358262350855,6.908061118545095
11.0297259116884,8.443814374021757,6.900545628416967
11.04220374111108,8.449404606774205,6.901390424251622
11.048568870979212,8.439576126541255,6.888985386501932
11.057791649779782,8.443992036903408,6.890380663998884
11.064651855730952,8.441765631832064,6.8858298542921785
11.079583492018452,8.446680378265032,6.886626398965747
11.078622726415784,8.438825878826922,6.881992818959185
11.078622726415784,8.438825878826922,6.881992818959185
11.089423167382828,8.442183141674873,6.888330946899082
11.094765292014037,8.429985839735062,6.895695975620878
11.093721692094604,8.422101938027327,6.893460431003449
11.101171704508278,8.418159443247553,6.903381217652138
11.104989696696157,8.416774700555312,6.907571120519757
11.11107225946404,8.404856279633911,6.907521587647066
11.120396864430626,8.40276903883706,6.910511126348439
11.129983665015084,8.399500322311045,6.911921302766099
11.14757952545052,8.411072006725295,6.918170139790129
11.147480566323514,8.40263916975871,6.915994418489841
11.153602961702806,8.401499402345953,6.915893103033708
11.164971350396728,8.402882017294159,6.91505995353315
11.160915902891944,8.39163987069298,6.915217691623646
11.169115394266779,8.401785209831417,6.909808561544314
11.167867317727953,8.393564422240244,6.910277351424935
11.169730849888452,8.398491694220636,6.906518949494145
11.176886427566133,8.40528250197344,6.898906556525294
11.177344264511236,8.395782020154131,6.895192553834592
11.175207609995525,8.389748728477638,6.897350885369234
11.18327956034158,8.384722107295664,6.89519761968965
11.182810058800145,8.380450359424751,6.895838522987012
11.186672967248368,8.37437893543016,6.897943480559153
11.18982631510777,8.366307123923791,6.899653510015231
11.192000073632014,8.35626002152463,6.903178242461393
11.198389882505028,8.339173888376251,6.909589400407287
11.1997689901146,8.328213156529928,6.913523560364667
11.20447878210393,8.317133211596252,6.917888300595518
11.211308350217589,8.311651712640915,6.9238112310655495
11.211308350217589,8.311651712640915,6.9238112310655495
11.214030697892293,8.305852613216695,6.926407334798715
11.215394628067765,8.30243027664361,6.9280464217647415
11.238417431003466,8.28801116461489,6.939489438081298
11.238038655584802,8.283802951851689,6.9405394436226935
11.253950506480212,8.28845525634392,6.945413818980088
11.260328949435964,8.28781816295164,6.946731389946538
11.268225751805918,8.291923118657426,6.949382428373643
11.277276410456691,8.295522121010917,6.9506506403204895
11.286101415799143,8.296159460511667,6.9542069651156195
11.310752935036646,8.308199196844168,6.960449015491915
11.3230594338563,8.313418391910895,6.965533574829251
11.321063587931322,8.309338926486312,6.9656490272550595
11.341626936810677,8.319019063963403,6.973023042041379
11.341626936810677,8.319019063963403,6.973023042041379
11.336912201853684,8.30601249034436,6.9717345869640495
11.36423399192964,8.322320899429089,6.977187665890338
11.36423399192964,8.322320899429089,6.977187665890338
11.372408413656109,8.327667490875795,6.9771568695982795
11.370455735201343,8.319951682253102,6.973080142059948
11.375376192265767,8.327268732048656,6.971217793534757
11.379050647345636,8.333371154866029,6.9700923492259275
11.374402510535901,8.329244314645331,6.963988879802815
11.371930902111517,8.326948636908323,6.957450463325083
11.368633534294963,8.329002915607003,6.953986559749493
11.364540437026374,8.321363123844526,6.951849718578428
11.355053272953967,8.315659785993153,6.946683543689426
11.353780096749386,8.324571498485383,6.948397851748242
11.34236334564552,8.318752312468169,6.948671700027758
11.331449615618533,8.309293779474993,6.9495947564439895
11.330475466381198,8.310213439222458,6.949451405274564
11.323390615170702,8.30114389560543,6.958157391542734
11.330225338247086,8.307261839840681,6.9719873560796035
11.330252675455936,8.315602288518477,6.985531430933671
11.321583669976143,8.324507838209286,6.996918741439405
11.314123626984577,8.328129933430102,6.997422118817668
11.312161601063671,8.34258190106696,7.00343674052068
11.312161601063671,8.34258190106696,7.00343674052068
11.317762470793378,8.35692043075486,7.007500825617706
11.313772398229657,8.363852185195281,7.014828596133453
11.316580478580706,8.36926601172738,7.018016687695196
11.323602796745693,8.370669430251253,7.019312900541869
11.325918985198669,8.375955677103043,7.024363465446311
11.325890605160795,8.384771291764034,7.028434147014612
11.320789563757057,8.40529987527226,7.032149435289181
11.324557976479102,8.389601541553313,7.033912745889301
11.323172356051703,8.370163825537722,7.038469128436926
11.321669964899064,8.36441798778245,7.040845068376128
11.320064005823145,8.357912655341107,7.0443372562466235
11.320064005823145,8.357912655341107,7.0443372562466235
11.314991107010066,8.374811199563373,7.050335506530325
11.318368884180913,8.376142646671166,7.054689582809329
11.32337076039961,8.372933919171228,7.055034870828798
11.326254059945269,8.35268913790418,7.048579641773365
11.32850637514317,8.355874208426135,7.0457999351777785
11.326616713191207,8.349853530880981,7.040183044653696
11.329326206606252,8.361471673047078,7.041866792009356
11.323020842190541,8.352006323579158,7.026596712678181
11.320714004049032,8.35542966726786,7.020793313199373
11.31624804004113,8.359749780857385,7.017020405171236
11.310188126446374,8.3651428277109,7.017149620203833
11.303837601995713,8.374196118141898,7.021625544592826
11.29744558383428,8.37434748428118,7.031796549632517
11.297086879661112,8.388874869171412,7.035140511139374
11.291025456834484,8.389124263866815,7.043980081363075
11.287556844233219,8.399771888198796,7.048862244274408
11.282380615581735,8.416842030162362,7.052154145459323
11.282162243766068,8.42451586310934,7.052866377398796
11.276698010869795,8.429381314234991,7.052195059780252
11.270725682164835,8.43983401388133,7.049498270543853
11.264791278722644,8.448966554605779,7.045517000627845
11.252229044434408,8.46877622223271,7.038420353594891
11.253789886319531,8.475479225336084,7.036124085121528
11.247481029892736,8.486216154169608,7.032036060080454
11.252152673079488,8.501767993863742,7.027202838220708
11.224460326917045,8.510153660752831,7.03796388716823
11.21773930793243,8.515918726681322,7.041719849046323
11.209612077206852,8.525567200034429,7.045281328170966
11.200600969502094,8.527028914542935,7.0499248946843815
11.18899653477937,8.528940501814342,7.052320352487931
11.184604748936945,8.526151390138136,7.058573667204369
11.17854677230195,8.527983926042507,7.0604063704142135
11.17472291985747,8.52707212307742,7.065035149377096
11.173778984846589,8.526682162300183,7.068066013907044
11.173877467106468,8.528501406155897,7.06349533637836
11.176530266244269,8.532742027440966,7.078040148285528
11.176530266244269,8.532742027440966,7.078040148285528
11.184009962813407,8.537751530215326,7.085245147273034
11.188312573920669,8.542343987588646,7.0887544698567035
11.18394162137515,8.538045344325916,7.086192559255782
11.187883557600438,8.54212536650909,7.087957891930156
11.200085850019265,8.558339445442101,7.0914529778563535
11.196774893185738,8.555648863042668,7.0901487377846095
11.201125148164598,8.562411798933447,7.088595904617645
11.212299943832475,8.57891084199047,7.082644918860378
11.216916302882552,8.585854057145857,7.07686702369724
11.212873447959119,8.58633896678631,7.075045209730221
11.228871361333354,8.604582432060772,7.069108873408459
11.228871361333354,8.604582432060772,7.069108873408459
11.234932311238063,8.61082841095399,7.0664762659503
11.254300451816208,8.622744300068753,7.069674527823915
11.257856237068632,8.625311064407281,7.072236638000547
11.260906758073867,8.6285332051715,7.07440071388378
11.267294706685153,8.631770019212457,7.078820244570161
11.263631869759742,8.63048275304484,7.078614783141397
11.257363181506436,8.631550294433966,7.078558593108886
11.267436192274072,8.638052247894318,7.089049784461953
11.268992878920177,8.641964742827657,7.095893971360519
11.280232847837267,8.644844263577747,7.107926290829546
11.27800614206272,8.64704317420054,7.108526605112654
11.283925500156302,8.648790203490638,7.113033138444607
11.288830597066461,8.649454219513615,7.117971950280716
11.29338416188388,8.654510728425917,7.119104761245569
11.3026564582516,8.657459228862816,7.119150984317897
11.302825374798354,8.657470001478492,7.11827966659101
11.308405569567968,8.658419501090695,7.113258005268955
11.305880559810271,8.662039207617875,7.113123350682589
11.30700115879042,8.660589385954799,7.11163280649206
11.304377494104909,8.653807121802203,7.110391697015795
11.298883418570888,8.65872852915965,7.110691306659618
11.291994481822973,8.656663454500201,7.110680731849737
11.28644775561171,8.654475277769578,7.109897628954882
11.275280811286013,8.65429474398258,7.108523970446902
11.268779442544405,8.65190241113609,7.106744710347161
11.253482594140605,8.64997876788601,7.102333395719097
11.253482594140605,8.64997876788601,7.102333395719097
11.243870575271705,8.647260811822589,7.098160358560283
11.23404211090713,8.646565169264006,7.093794939449678
11.221488553947585,8.641506527180853,7.090064726477024
11.219733669221835,8.642294299726602,7.090283459669503
11.21935810092187,8.639581301638508,7.091236442253934
11.218344675467074,8.636949688552095,7.102107304884615
11.220912134630497,8.643343512919616,7.115362589796129
11.22470506011057,8.6547368024587,7.131446670360581
11.223403042398253,8.66259211332216,7.137498146246351
11.219185152660998,8.677631212955811,7.144881032199631
11.213686616088948,8.682031792970179,7.1415978983065695
11.211837956536682,8.687095910628715,7.144560642856821
11.202141636748099,8.692651518048383,7.141308058759267
11.19295772060001,8.68995670105183,7.139686545594506
11.187699696977162,8.688755463615138,7.135610867778809
11.189617959323385,8.69176446202569,7.13983744832336
11.181261220450597,8.690879453467263,7.127664459070667
11.178716471659088,8.687140785656936,7.123317542039392
11.183035668808142,8.698921089477707,7.119961991957285
11.183649691714201,8.703085065628537,7.115582995994694
11.184184278085407,8.694231658032063,7.108177587175006
11.183805591634236,8.69142881648138,7.103584433979017
11.18562334774634,8.677437710438934,7.09738214881736
11.186303032774525,8.678979351148582,7.09728462796807
11.18607178802329,8.668163278040995,7.094545647658868
11.18607178802329,8.668163278040995,7.094545647658868
11.183057995009554,8.667715563588125,7.096261005542323
11.18471968721731,8.675651807302001,7.099325242808628
11.182061591899622,8.680529963645194,7.1005530982507326
11.18103553195898,8.689252886034103,7.0974095885105
11.181616508110425,8.69084799547009,7.093963042370879
11.17742005083569,8.698833144901654,7.094801002625249
11.1796157296699,8.70713163792011,7.097489346883212
11.176466428199541,8.708222225034687,7.095681912645445
11.17856494131624,8.717663403488055,7.102208054770112
11.17973203280559,8.731067922695999,7.106527609244814
11.187656490807841,8.746884274452363,7.115136325835608
11.187748903449373,8.758499304709412,7.113979659159092
11.187348063621181,8.766908458399328,7.112027426682342
11.183882359707985,8.766509480881778,7.112239189855517
11.181842643639945,8.775686214229573,7.1083201105607
11.180517790580884,8.782680654819009,7.101941972235397
11.177408449566185,8.78434187513433,7.098593730212709
11.177019639680395,8.800812784467748,7.08785064925173
11.177803202539993,8.814481147345273,7.087461685233487
11.175070432009337,8.819074890692903,7.083400465410059
11.17336114884627,8.821124927839456,7.078597815178447
11.171224988492858,8.825095581954237,7.083125596632958
11.168682939022329,8.83132174578363,7.09111123502646
11.167217231220707,8.83032756792097,7.086660221251358
11.172236746271665,8.832644808019873,7.085066107787368
11.17193149252372,8.832454031409446,7.082462049515061
11.179958166755238,8.835577676230736,7.081229331165834
11.181144712572474,8.834345818993635,7.079515194170684
11.20594562153322,8.840511052427216,7.075072775282516
11.233895956935237,8.847537820076498,7.07911856251569
11.246926063510177,8.851090157485158,7.079455284200245
11.255934403117841,8.849841444166056,7.08121441845681
11.254587988997352,8.850095521253706,7.0793785201965385
11.260092282907406,8.850248511012085,7.083675991129227
11.265368394523422,8.848536873049738,7.086979627085341
11.271567349921291,8.853255110994747,7.093334098538692
11.271525935934688,8.853780902516506,7.095407886476896
11.271479874148033,8.859585151262037,7.100454758089538
11.266801711219285,8.85981188576649,7.1052089422501625
11.264123107157829,8.86272650883259,7.11272394728948
11.268620623980173,8.868215829171495,7.115683966435654
11.267063947442713,8.869366940763364,7.120100814814883
11.26358984091808,8.869073531166354,7.122739387006184
11.267425625010224,8.870046220690254,7.122984900096195
11.266255334385693,8.871937555475258,7.12540573917942
11.262750312621575,8.868458156020525,7.120432360028733
11.24779321053856,8.838301550056256,7.098329781726805
11.245984131417377,8.826456119620604,7.09000328950895
11.246000029342117,8.817062725957227,7.076784102793973
11.248396831755894,8.803700203589989,7.058643191639485
11.248806282722558,8.80262863900427,7.052782178143252
11.25615976215463,8.793294144912494,7.034672691357651
11.268747951881233,8.768360126471162,7.0097732544698585
11.2777343494962,8.766982360389353,6.995426781157667
11.280570800550192,8.770617745511469,6.992865197492094
11.277139447814537,8.75026390031754,6.99489269178118
11.268610404235917,8.73844765917961,7.001350292316961
11.272540419135662,8.742223909222012,6.997173538910935
11.263831765685557,8.729554034408013,7.0017845199772095
11.254616453555641,8.719539153561277,7.007909494168758
11.242277374726294,8.710114275021734,7.01207150569465
11.234675996965526,8.711598145343206,7.023171494202541
11.215853631825892,8.710025528241346,7.028239391243164
11.21931900798031,8.711393380771533,7.03511330987504
11.220309203556022,8.71104818039446,7.036863420704138
11.205027907848974,8.719459755200436,7.034476855981724
11.19608585598279,8.72604107281853,7.0295674272087085
11.18832763122089,8.73257638248661,7.024347841503023
11.179142086323443,8.735240871472184,7.019124472516402
11.16955540046849,8.735463871356226,7.0133730480833965
11.170386748916526,8.734235627854186,7.012576348550147
11.139498597961703,8.747469527254603,7.00878262986223
11.139498597961703,8.747469527254603,7.00878262986223
11.121208419726466,8.75141285647343,7.005291730272761
11.118910924362607,8.750387647955518,7.006061779550079
11.111268341853139,8.754464162497168,7.00318375547737
11.101335937252426,8.74455200020035,6.996552614536676
11.093713955305574,8.738786530898697,6.9922217310598835
11.093334180721204,8.721484444519522,6.989911018653777
11.092011657049555,8.730576473316997,7.0051246700763885
11.093966928249419,8.73745551145228,7.015148192442942
11.092898027817467,8.737436101169328,7.016130908743974
11.090303384728596,8.74594658820269,7.023373878226795
11.091761653548303,8.758924005072917,7.0298238327716875
11.086851646161273,8.75095704126857,7.030448360334186
11.089099726517793,8.7529018227891,7.033739382016597
11.096750186951752,8.769742602196414,7.036968189150275
11.1044308914761,8.770830603403093,7.042058292055187
11.109371587703812,8.778119598641183,7.040150446681021
11.115340420019233,8.773695505155104,7.046599428614686
11.1299370342131,8.785127286399948,7.046753490013052
11.137130691459248,8.788207088016987,7.042937013980909
11.142767003323598,8.789010757332122,7.035090183346657
11.14350543864135,8.786289307708993,7.023822238043494
11.144633095167075,8.779121573309586,7.0141315113190705
11.14983451278447,8.760953201287755,7.000168402427595
11.14983451278447,8.760953201287755,7.000168402427595
11.15748127033148,8.736815530276164,6.9892602225954175
11.165599331236955,8.719854677320212,6.984649914576371
11.17582414268479,8.702644081888968,6.984072968610467
11.179533279331428,8.697204659621423,6.9856167561843225
11.183580145008639,8.693923980790048,6.987113635498877
11.201956917125502,8.676482027952549,6.980159935183395
11.209609765401574,8.670644844941574,6.976144341358443
11.216128671347077,8.650378288934146,6.964518040871122
11.215636142546822,8.639017193142342,6.963655128932154
11.213798691765499,8.636947267020426,6.963224835215007
11.212250200814681,8.632725944735178,6.9624677985318995
11.207093609077083,8.62070356937835,6.9654251505748634
11.206743449615155,8.620940561299813,6.965779929599979
11.205866786771475,8.619222736842055,6.963957653063671
11.202657851370434,8.611890730822758,6.9635813733269805
11.20310828146282,8.611474279252244,6.959795058466053
11.206513152765089,8.615823555641702,6.956286591840384
11.212756301121377,8.621402759810564,6.9476594401083185
11.213263613213352,8.607161066517886,6.943873664860298
11.2180970210786,8.61452662098481,6.936763429056725
11.22121830029993,8.606986749965953,6.932772020426179
11.217863718535863,8.61942634128547,6.938640263260763
11.218839217159143,8.618492433952836,6.939157910577641
11.218839217159143,8.618492433952836,6.939157910577641
11.212241298616396,8.624280663856366,6.955506684169999
11.212280436495684,8.61904676489006,6.958927879212034
11.212256971117746,8.618625495694289,6.963273890685119
11.215422955281639,8.610132030508606,6.955755997693373
11.213634031955218,8.599396406386598,6.957397699451212
11.21079523417455,8.607364434990428,6.969306192960311
11.208107200134839,8.597970793574742,6.967910928722989
11.209116151604833,8.597400882586468,6.968528073807194
11.20873144834321,8.579447549217853,6.960965232230107
11.212027921234704,8.586513378746433,6.963280949874735
11.215785302285147,8.581497566474642,6.957587116856532
11.220708193724446,8.588627207767205,6.95804858927268
11.223689075838058,8.59370248494974,6.9611329615450845
11.22973836458418,8.58571190077694,6.959446035253037
11.23058837209141,8.580011707564507,6.959359292512902
11.242135870299638,8.577170873150864,6.963304825710096
11.242134549106384,8.569406617700785,6.96363037519701
11.241033828381296,8.563501594332775,6.964673645194222
11.251851912513686,8.556787355142385,6.968163704975073
11.255941566292082,8.543327639091144,6.9688658061702995
11.26236000480216,8.5392129929069,6.967754925689396
11.270836101031778,8.523251627116974,6.963294064854687
11.269873807643588,8.518940725683128,6.963165548548328
11.272551181616896,8.504725235780587,6.960647328340072
11.280595448048041,8.495195384930842,6.955805535950081
11.28175565484797,8.487735085440697,6.953327744745453
11.281031942294707,8.477592019559447,6.954576577289837
11.27928128358247,8.475080174232636,6.955973361749628
11.279932552673483,8.467293983405082,6.956023164841431
11.278069045371613,8.462827806309532,6.957037642477862
