2023-07-13 15:00:58.965
18.3559783883955,6.620543516487099,9.59424992910424
18.363690782120393,6.624886032849636,9.60871611987961
18.366547314442144,6.6358464556025565,9.631883570045881
18.366564345567806,6.645352533820467,9.652066804204662
18.362265043619605,6.655725997292955,9.667538667375478
18.360071662147188,6.653985643170292,9.67169392690349
18.34575856716114,6.657833141186629,9.68183051598924
18.330707386970634,6.655675403178679,9.688730429288395
18.326040655298225,6.634463799568225,9.684831544168938
18.321609477012395,6.627581997703488,9.699462054547165
18.3208173803704,6.600254846355634,9.693825972278537
18.3208173803704,6.600254846355634,9.693825972278537
18.33454965312734,6.582505691777797,9.713999531920257
18.346519962283313,6.583912138350587,9.730023965707716
18.359509203178586,6.581526025239967,9.745102618838795
18.37669431331121,6.546852881855165,9.744616153311883
18.38799409681617,6.539407625570957,9.751786492060605
18.410540557015754,6.468628708418735,9.715972358519155
18.438788285201017,6.410510751811566,9.65243133138757
18.460446240699802,6.362849894134432,9.585473663101277
18.4689671792448,6.342323200370302,9.5566950189356
18.48248926053164,6.305299203081319,9.509058676434247
18.482533906387616,6.304668065106412,9.505452919961549
18.481213758143102,6.309156329513694,9.508050470770506
18.491967039068417,6.284155575489852,9.490008613873263
18.49581348137904,6.277196710143128,9.488756916835458
18.49942786111991,6.271607359317144,9.496906587120648
18.505950344383347,6.266611423093263,9.514056619686782
18.511853880926516,6.264877403380122,9.527010239787643
18.520437205450033,6.268622415561544,9.541819925511295
18.527696354889258,6.263746264420777,9.553897025032931
18.528899882854237,6.260716541698383,9.55617281695381
18.525421733449804,6.24425293111419,9.555357751282921
18.523984817679054,6.23773405198178,9.55644769558035
18.52336489368906,6.23257166507455,9.561225890174612
18.529071078855296,6.2387294900903285,9.580318247830322
18.529994063158025,6.230672552663593,9.580616493700157
18.545977228991475,6.236649986875356,9.60941772820649
18.54822166730936,6.233799655900834,9.612230971167387
18.549173377286,6.2318782672120525,9.615890408097119
18.57990101745074,6.252597912304663,9.646844837027949
18.58851120238824,6.261113764778944,9.65281417279141
18.58851120238824,6.261113764778944,9.65281417279141
18.59398281120318,6.270081669710526,9.655821551064456
18.597885743930288,6.279105511413513,9.64793528487049
18.595982510589966,6.279829817502348,9.649512676304537
18.592639131935915,6.274921924839231,9.635565234158548
18.590289848539687,6.2713927617248055,9.629849337165208
18.58310859366495,6.269109258922118,9.626761922026164
18.574575669542906,6.263977340746556,9.62117967314457
18.569255595874473,6.258993462178136,9.619578649199477
18.547305985054525,6.253220081426427,9.60974098093935
18.546488135552284,6.254603349816004,9.607180558682323
18.542334821968897,6.264684957185911,9.610204857558639
18.54068649617529,6.273765266598998,9.61418607885478
18.537649042121544,6.277236208280534,9.613517270230181
18.538226659530938,6.288688420345612,9.62112808742072
18.539090173046507,6.301697562783079,9.631122122261432
18.53823250645738,6.309975100133751,9.636661471450811
18.53547946809865,6.317026809898006,9.640881207922156
18.532581936259696,6.313967130763011,9.639934020272605
18.532181871600365,6.307375049801651,9.633598316729167
18.5315513373499,6.298917798209466,9.628249719153905
18.532726840995,6.287395783359519,9.623840158895124
18.536603233662447,6.280681624359995,9.622319018469554
18.544249803930843,6.2799699150687065,9.625298589368684
18.56129936364026,6.288215468328973,9.648027362146781
18.570716035674955,6.295384432471961,9.658583236607294
18.579836158720344,6.3028415649190315,9.665618764129876
18.59041485408455,6.30643886276332,9.672853290620225
18.60039679547889,6.310179498455929,9.67970244810947
18.607982039705966,6.315143826786838,9.682334338637652
18.615717636861927,6.31649205860542,9.686659411428032
18.625547367066783,6.318237937465632,9.692781741631983
18.62794493576486,6.318672561958293,9.696122233556213
18.631458739606746,6.321263603808557,9.700577200550308
18.633775700884385,6.310090455669178,9.70561234020084
18.635475924215967,6.302113797677642,9.710259285370855
18.63336329015745,6.316435457066688,9.704907140026434
18.635384875881456,6.305922576304215,9.708080382105095
18.642651257855643,6.287250496499095,9.706629043436413
18.64277429150179,6.296500507724023,9.706228836944673
18.645960984840887,6.289595322788761,9.705997591738488
18.6483681401805,6.28652046223497,9.704772107695232
18.64878378141133,6.287778259456224,9.702132883797105
18.64878378141133,6.287778259456224,9.702132883797105
18.6513358280368,6.289192315262433,9.695741858486832
18.65194877372807,6.292587488945034,9.688160268912295
18.651422404244336,6.293393422652841,9.67822313109677
18.645776007512012,6.3010685251902006,9.668168626407615
18.648358749651198,6.297330737332208,9.658982791088278
18.650216944582326,6.296533196016309,9.653550101207975
18.642056024926642,6.295758758398185,9.650418507542748
18.640504720015084,6.295660887088283,9.65119490620369
18.640508888445723,6.296253135009924,9.652779945474158
18.644101378338448,6.296945193977726,9.656868526810072
18.64745309892422,6.296488279704235,9.663147519186124
18.65361554035907,6.299166692548861,9.670487655035975
18.652226958877094,6.295764061261054,9.670675436413406
18.665588973884972,6.301953242067312,9.683648839040051
18.662177782955713,6.298725953747627,9.68346540231235
18.67863288257893,6.3017750893654805,9.6882278372774
18.681284993549376,6.298113001087047,9.68424087916178
18.68834142690513,6.300624401208387,9.687008837016993
18.69826948124419,6.300722494375465,9.683624420933524
18.700967298200244,6.300150185950084,9.683647801413347
18.70333942816612,6.305699826811809,9.695185235911843
18.70099834110315,6.304388697486316,9.699410440957891
18.69499693660813,6.3018383932525905,9.705014731251007
18.689265051312145,6.2939583078120895,9.710854235901003
18.683836419233046,6.285639990282441,9.707176511323283
18.679784890933433,6.279573478591632,9.704169805687938
18.67800561108601,6.273972766125369,9.725292480302397
18.676224005920172,6.271634502892732,9.731240951096275
18.67433004178583,6.267984012143062,9.734424974741202
18.67039332176477,6.2637346610834035,9.736307284570469
18.665163106449214,6.257407734113616,9.734294994829249
18.66401401536137,6.248510352512356,9.730043497871076
18.65916462943275,6.23886494311752,9.726347875723787
18.655439676539668,6.228863833030249,9.723509536263187
18.655438606457825,6.219726572382014,9.722679167330803
18.657923902301597,6.205285493951569,9.723932554759479
18.66259658874395,6.193147165886128,9.728409735918852
18.669669946577088,6.184114957467367,9.735483344278919
18.677434907422874,6.174904490711395,9.739604916374104
18.68500484297612,6.16253076746113,9.742923179984954
18.6876562069359,6.150485498608314,9.741494579199195
18.683795980312752,6.148943564389828,9.738925067831769
18.69459872824875,6.126529822327442,9.735249201813824
18.693681237761126,6.11487785216403,9.72816688839656
18.69866253434083,6.104353625505224,9.726694570320488
18.70626438738458,6.103032852182891,9.728376219187286
18.71632961480531,6.102946535067002,9.73339831705258
18.72914677624965,6.103999216346992,9.73885843449992
18.739574844040995,6.107244784612428,9.745369214261617
18.741599063743802,6.10810913996609,9.748340460703503
18.757195731890803,6.118502265976792,9.759461394856027
18.755719279014134,6.118057667072341,9.761748430809968
18.76511520212547,6.131520215438287,9.767587313868844
18.7694186140175,6.134547070328034,9.767118443289409
18.77246986257202,6.139101288755341,9.765494189676346
18.774020193821293,6.137070370499753,9.760936345029641
18.771657166284964,6.132206822027228,9.758012459663819
18.771657166284964,6.132206822027228,9.758012459663819
18.765680596031338,6.127778262324968,9.750530331694362
18.757713826904695,6.123252328239716,9.748374156287737
18.74399497031288,6.114684688997529,9.756579390618642
18.736091689153803,6.112377317219859,9.74604102048725
18.72441424659243,6.100621140400462,9.742508917918206
18.72108645871138,6.094637758575107,9.737067418682809
18.702215017831016,6.089731654169499,9.735939871527709
18.687793705752394,6.072653222364548,9.717900500549714
18.678242317092042,6.072279030820244,9.715868461846313
18.675035818885753,6.056333366336372,9.705699719798655
18.65742308331613,6.058391946036071,9.69832500564411
18.640243604046777,6.069331448242141,9.703064444726056
18.635670637033463,6.0683719040806325,9.700063786999301
18.61986076722164,6.098011233917176,9.716716505030632
18.611839335657073,6.112807943711012,9.722748537655754
18.60659640851463,6.1218750223555185,9.721998539117292
18.606393807473523,6.1233962451737645,9.712901768283164
18.607432805457368,6.113909033196912,9.697356603358767
18.611088964072398,6.095618689945746,9.680344340228508
18.61584304792708,6.0754422655393405,9.662513471588042
18.61981202051639,6.055472826536661,9.64351295937855
18.626773993105274,6.061280627240422,9.63537096489683
18.617788214809668,6.02698901476081,9.60761442510283
18.613973982825414,6.014241197841477,9.589955750719822
18.608865758239585,5.999640059581341,9.574973911217985
18.604482800126775,5.984682178993703,9.565455517170642
18.60296814289916,5.9662846512838605,9.562837425251878
18.60316795824738,5.953688093427995,9.567411014102358
18.608100191614433,5.946242104428206,9.576192623468634
18.61225446073545,5.940005127138609,9.581385811949296
18.621069220841804,5.940621057143346,9.594439630713111
18.636946918671512,5.952259554103017,9.613054559088896
18.647368801020697,5.961443661366389,9.62689424516832
18.655482591339016,5.976063289085363,9.640011712241181
18.65901194868887,5.97960651253087,9.641828995216692
18.66304181124375,6.0190482393847375,9.660884433043226
18.661183364384932,6.024983667444886,9.662109753064184
18.654624273818406,6.061919111729487,9.675910102352127
18.642160309531636,6.161605187455719,9.738734626950086
18.629648976354048,6.159062337907579,9.741501651284459
18.60816954948326,6.272973786034744,9.841649635382925
18.592512217711764,6.3207711923491425,9.893000272031367
18.57876003037381,6.3657748183420315,9.941396305114012
18.568835262666223,6.4085392728638135,9.984940497142688
18.56376568029405,6.44006440915544,10.0176969614908
18.56373663011043,6.476846075793407,10.038151572418196
18.564420069205042,6.500840274660861,10.056376645404294
18.567974793071762,6.519147734944268,10.06691847634563
18.578662624785633,6.527455354506598,10.05807914554508
18.584317629110064,6.5254302630879994,10.044552617151568
18.591905209377632,6.5342833805212726,10.032992932563682
18.59496876793535,6.538642016886938,10.016486807659966
18.59613251523216,6.539696018622752,9.99915468048853
18.597205086771616,6.535945930718869,9.98510874270263
18.5865658540993,6.523723399845254,9.966393389870003
18.577779959260113,6.510312323315764,9.9551920074605
18.554438483149674,6.485038133891022,9.945475889673649
18.538891874648552,6.473253923435215,9.936787381671202
18.523122387697068,6.466275486598132,9.93761758920377
18.509567695701463,6.4645581045166285,9.928411363876977
18.49774308715763,6.461368179320863,9.925543268114199
18.48543141269391,6.462132606636316,9.923910855980019
18.472625293748646,6.461156188980566,9.922977764317045
18.458693907221182,6.46703461177881,9.925820735482766
18.443707754378185,6.474676836497733,9.931675478183472
18.426530678058477,6.476883141057797,9.935011943352809
18.406482724495557,6.485423407645686,9.94100241230315
18.383674150814397,6.49277793761222,9.944163234813855
18.373628347004693,6.5048186853312115,9.952440201217788
18.351349109943246,6.511700212577595,9.95267209150705
18.335670541452597,6.513759849288509,9.94676601116978
18.318982277585913,6.520571639636131,9.941327940817029
18.309218191747238,6.521383641960052,9.928789648720578
18.307331277989906,6.529533793190326,9.936820374714749
18.294656943154557,6.528632401436367,9.91429843481894
18.28964840858201,6.525321223072501,9.905075180030984
18.2860108374713,6.504939857163675,9.886011123241175
18.284098590641932,6.50693253178412,9.887067066265738
18.287574057759464,6.4788644222841185,9.87361652388633
18.28627508197578,6.477623992600247,9.873169733360069
18.28873392640414,6.463796789008853,9.86923254300932
18.289215844835965,6.451445919932079,9.866580595281887
18.293543599210544,6.409980842554971,9.855443118654376
18.292666168801773,6.4106317147812275,9.859942451774941
18.294644187407265,6.38976049531132,9.857972287058692
18.298623117896707,6.366376802357493,9.857763082343729
18.304731538297364,6.341863559480917,9.858921028723671
18.306003605821548,6.343016458498259,9.86160449742115
18.315634157648283,6.3215982903524015,9.863910457543438
18.334703870088774,6.276709914161673,9.867988673018404
18.33658061469501,6.27733956549746,9.870661452788818
18.359217169021864,6.244466088573581,9.883042814211276
18.369494982921633,6.233760854347548,9.890649440013473
18.37222197224476,6.234031096767364,9.892402750767976
18.37431765418002,6.237353209469127,9.89512349540869
18.38054336165414,6.223829652469669,9.898838383723394
18.383765240248444,6.211405986098566,9.901240907838101
18.383803008816574,6.187686967617741,9.899819707397056
18.379399769071373,6.18923504431935,9.901769692985786
18.37444521484631,6.176838725835872,9.901961089573772
18.37470367845577,6.168665675975359,9.899487830626589
18.372265148012684,6.159954192061504,9.897165097107454
18.369462688414764,6.1596325796163915,9.896555701840775
18.378340825595846,6.1583659006743305,9.895504806015026
18.38898661349937,6.161359422602467,9.900367619074558
18.400865549806394,6.163377871846034,9.907830265915631
18.42537656598722,6.172722043332612,9.93121620000271
18.43376176095212,6.185371221689103,9.945993931910612
18.440401239102044,6.197029710034105,9.958326583829349
18.447815200583292,6.204500553083348,9.961816382483681
18.44952468609381,6.211255827021794,9.971535455263787
18.455673804492694,6.2140698703394035,9.9693763677701
18.470504247497768,6.216964994561103,9.965717694775226
18.46857712214441,6.219928767497757,9.973167939539078
18.483112926825502,6.221857338080453,9.976563072182957
18.48324867372528,6.229796518224518,9.985802524985084
18.482853152657242,6.236168918242631,9.989179264661232
18.492793394697493,6.235924850321329,9.987591156062013
18.49815769681206,6.2358514121719235,9.989152063699711
18.519583335449816,6.220410449492718,9.981254450817787
18.519503348122843,6.2250808177643275,9.986703856612845
18.556034430431875,6.208011953489473,9.979306136033182
18.58132902621617,6.203785181438127,9.98042953076998
18.60617319797889,6.200165956266041,9.983171731594378
18.62708483908929,6.195340195726518,9.987296004842621
18.64558390902398,6.19009252357256,9.992422423417091
18.644629480879836,6.193317657601953,9.994039207479394
18.655752716745944,6.190794721433037,9.99514767401672
18.666482537709985,6.190375096636782,9.993198403233155
18.677389545345807,6.187106764859616,9.987028790045807
18.68698865572825,6.181709179957755,9.981093004856643
18.718481701066928,6.167839544434936,9.976239073584425
18.708593708238908,6.16989798001472,9.977953767524879
18.7033379921954,6.169445960243977,9.979625200577873
18.699389154576213,6.167516578703525,9.979273100770293
18.714239664941264,6.162539626423335,9.980555022238434
18.752686091404804,6.151196272031717,9.989235479435406
18.791611191641152,6.1419478080921674,9.997523527857263
18.807477901612266,6.14221119301162,9.999211803455566
18.808147294653203,6.1424295384248415,9.997916935028593
18.837311449593237,6.1511996373787134,9.987635003746288
18.85006675294279,6.158298462595227,9.979166905102481
18.8515727285802,6.159254616749934,9.97767183477336
18.870069416170224,6.174417848210711,9.96371794650616
18.87432985833292,6.18102470745915,9.959987512804435
18.87640719951341,6.183431208147561,9.961731734937809
18.87256820759017,6.186841824432748,9.968163305845959
18.864900083823553,6.1877394034186946,9.972345585524927
18.85739399796409,6.188090005927537,9.976411367739038
18.833411619961506,6.190085060582113,9.983708190304261
18.834017748752704,6.189673861971769,9.980937448910133
18.822102576488174,6.186704995432566,9.982237723832574
18.810247967701123,6.181694300836279,9.984344719944623
18.78081686563503,6.174690768105094,9.995573587130485
18.78380040830044,6.171296885204761,9.992175651772385
18.753797574300094,6.166483744177035,10.00259856125178
18.736972233163936,6.1656881993336015,10.007648469389975
18.73577788855011,6.1638012012020065,10.002752116543773
18.69874206356053,6.166506666196057,10.002589664275533
18.69658946618159,6.1655236535214755,10.00051190679405
18.67362541669087,6.168072102408983,9.999241041978198
18.669906330797527,6.167935423401598,9.998374678602278
18.651796358237846,6.171629878005353,9.99693936572142
18.629210885417844,6.173942537367372,9.992688151388355
18.605310900005723,6.178114301483909,9.987919076218944
18.6024388386661,6.178064790016451,9.987202596373665
18.600731222517716,6.176761426661578,9.986882647475085
18.57544436614318,6.179935937131501,9.98532197423648
18.567095983211182,6.179600370871574,9.988642714610016
18.558758719564484,6.17658953906114,9.992617951264014
18.546234826079754,6.168256593303543,10.002236974955503
18.53869666801335,6.161653984538127,10.015513116077225
18.539990044305867,6.151429416972043,10.02250668849841
18.544319504443525,6.1461166440130475,10.024383151362638
18.547561602421602,6.146245638989171,10.02897606245277
18.550235136821286,6.146751188204695,10.031046705170729
18.554224629060894,6.143681791667109,10.028718112147331
18.55375681876529,6.141707324281067,10.033473658647868
18.555313236254232,6.136701680812089,10.033253533380215
18.557321925476028,6.128808740345188,10.031644740561038
18.56116751250402,6.125374497351966,10.03157131681008
18.56116751250402,6.125374497351966,10.03157131681008
18.566870822309312,6.123214308443157,10.029551673979453
18.567289588241053,6.113876903106375,10.024459162012402
18.57083580108764,6.114595995573234,10.023236953826018
18.570290593235065,6.1100882667806955,10.019195171719506
18.567556275847746,6.102532486696277,10.013470557302332
18.562412450931827,6.093338332013417,10.007107915030035
18.552731734577552,6.076089361972017,9.996919142853285
18.54404351956783,6.07027525604643,9.994794703355307
18.53547473763705,6.066608215603568,9.989464741147007
18.521369632296853,6.057723233458218,9.983247553241487
18.509859003530007,6.051461566975403,9.980292395540726
18.496398958409596,6.0414946569134536,9.978085826301085
18.49335851753776,6.03721938694776,9.977450308269521
18.480732201543447,6.030691092205339,9.975279893593859
18.470601782214455,6.025530189957652,9.97378451082608
18.462262354144112,6.024065936300973,9.976457901502604
18.454549172890953,6.038098812277272,9.994991439605483
18.454118358019997,6.050623962344985,10.006557220475045
18.449800151943084,6.050242943622403,10.003783417393642
18.44718552923785,6.077777412196851,10.016238241923139
18.44539446087716,6.086391789121577,10.020517242117915
18.44658955958549,6.095242997198258,10.02411078160076
18.447939860484073,6.102275725028396,10.026630116731186
18.44907126154878,6.113742420821317,10.027691547853589
18.449334980433573,6.1155168311107495,10.028668845227152
18.44853840061551,6.129419439487385,10.025972987633411
18.446697355980547,6.1406051590340445,10.022932105876114
18.44394522224838,6.147871704177558,10.019088101110388
18.44226783052171,6.159673476972013,10.014747377110588
18.44262644928747,6.161980853315841,10.011315892454506
18.439504976526155,6.1621596308325755,10.010764004545885
18.435225289849797,6.163644477504695,10.009159465092534
18.433897310572046,6.163453043186755,10.00608801768853
18.43951751501406,6.153851460401406,10.00450342143307
18.44607550098998,6.147113287252364,10.007272710321791
18.452462276216988,6.143845282911547,10.013927232737439
18.453597990767257,6.1462633425580355,10.016106622467715
18.461133664557053,6.145341489615172,10.024796311886993
18.472521251904602,6.142122710992179,10.03693332136955
18.479246429224727,6.137843931873637,10.040087801861345
18.48393334063555,6.13927191916943,10.047946301468372
18.485197291285083,6.137784521778866,10.057179045254994
18.489406702233282,6.133546220992217,10.064771034280879
18.4911467526116,6.132826400717783,10.075078330699178
18.489057467381677,6.136581823554069,10.085853852336694
18.490846499152315,6.136063332370081,10.090468941106794
18.49543319338816,6.134969283505387,10.090848302340808
18.497206012624478,6.134076964491133,10.089589142512576
18.497206012624478,6.134076964491133,10.089589142512576
18.50870597419628,6.126277832197208,10.079098320917668
18.51497357531152,6.119459520102952,10.070337850705856
18.522462947065456,6.114526384832292,10.063151613987406
18.529891237168233,6.112395060972996,10.05779670129653
18.53480382071056,6.110665138056413,10.054804333512683
18.535035146638254,6.112242028071868,10.05365834101604
18.531125099444864,6.114170262313043,10.0535797137373
18.52443878702114,6.109244962475402,10.05363622505965
18.515345651762583,6.105172648809079,10.055665772781909
18.505996382191928,6.10231417322249,10.059674174822234
18.496995786609894,6.099326286343464,10.065158141483106
18.493258545864226,6.103352551797892,10.074354057693583
18.48763385421325,6.090646045482225,10.069909414720978
18.48004304858263,6.088825616520692,10.087046696464819
18.47740730479525,6.083997094465331,10.092532439232254
18.476745305486144,6.082413866921579,10.097474216156826
18.47981920175754,6.079107813298909,10.096193263272772
18.479579231638255,6.075113691825544,10.098128999653232
18.476508414943567,6.077509364227785,10.10147334865984
18.474687608195236,6.0686538647937045,10.098539078564594
18.470208530139615,6.066188088112326,10.096410740955617
18.46298219753889,6.066912333825074,10.096031618732603
18.45535346997127,6.067381750153749,10.094109392577717
18.445915582574774,6.073163273501538,10.086775372890855
18.44070836162474,6.068551381862458,10.084972615145205
18.436220487665125,6.063135893257035,10.082290140033924
18.428263777799405,6.062591170689119,10.079002364309849
18.42265580998755,6.065336631263832,10.07744679515148
18.42200146922023,6.066047585288748,10.078741536467534
18.42399225440146,6.0617390647101255,10.080302191545172
18.422927552264767,6.0591372047504235,10.079424897611457
18.430090375681544,6.056143151766777,10.083142671663598
18.440257549906985,6.052192941853659,10.087363005836764
18.451548264393747,6.048885339750921,10.092997164061206
18.46402344642395,6.047686434151073,10.096851904918008
18.47535621684773,6.046888143660684,10.101393176934785
18.496618820579602,6.047954087833263,10.106372826016067
18.49307827008754,6.048843167517077,10.107119565605508
18.498250076848407,6.050112265792151,10.108919832382998
18.51258350281646,6.050026520155248,10.11351897899529
18.517757981436663,6.052154497475264,10.11609131087657
18.51540965553034,6.0496448711889865,10.114490682452255
18.53338010827931,6.04722636182975,10.119090162529954
18.53776278300414,6.044523419087036,10.121079910582447
18.543351881091645,6.037959593292478,10.122186981829698
18.546797767330723,6.033460217958602,10.123074984216156
18.542084530217156,6.029145283044111,10.119089225908048
18.536204035793066,6.02536392939532,10.108874998006517
18.527654335142632,6.02883186707604,10.095952717418363
18.525746972138286,6.025583726584458,10.092207856162606
18.511104070390086,6.0243081861016785,10.074725767306441
18.487859891228982,6.019819583321645,10.050773867199952
18.450072538801997,6.0145452804991635,10.020357111367886
18.44709564921188,6.009382726146237,10.016333670815538
18.425188798457878,6.009403240478445,10.005897166358759
18.397718171039557,6.000027568239999,9.98962637774154
18.371816783372918,6.00434078829556,9.978688345783944
18.345580927920526,6.0066856732814475,9.965657995017517
18.31681260163143,6.010383818770747,9.949357092958167
18.267108219284356,6.0309534207400155,9.927929297120368
18.267108219284356,6.0309534207400155,9.927929297120368
18.242824881664088,6.035191186216259,9.921050252481818
18.203390362583217,6.057369610969499,9.91772438940722
18.202051079754295,6.05517735830393,9.918158528818754
18.16814290241417,6.082868710923099,9.927972960857058
18.16602249132393,6.084861336620812,9.9267031583597
18.138533388714205,6.110288788370191,9.940180216941606
18.13987573075934,6.109262707616227,9.937812086731327
18.120812098877437,6.1175667862581244,9.950491640716125
18.12515583065223,6.113563733636176,9.951823068487698
18.13059715481565,6.110033960014737,9.954184133802904
18.124552382979726,6.114307021157186,9.96078763328823
18.120155870688492,6.117401206514615,9.964861765947388
18.123484756577756,6.120504265730442,9.964455203714042
18.118115204156364,6.126712574814906,9.964877062506082
18.114709676242246,6.135289640346466,9.963947170336361
18.115030861374013,6.141186671627129,9.963602875272985
18.12087892470325,6.144604597072768,9.960232617283522
18.126952165260807,6.142809214854446,9.95809067172294
18.13322502892172,6.140710717438822,9.957176452449241
18.145426093174777,6.1258045600499305,9.9551579517615
18.15103201850411,6.127922009066008,9.954891048018913
18.162032896101138,6.12312767097437,9.956160316943238
18.16500641888896,6.130285263770125,9.957609447427993
18.187679233346252,6.1083510391470766,9.966432511412384
18.19973169428345,6.098678835818592,9.971883714933357
18.21486990872842,6.085184788782032,9.981017572887454
18.219375229858567,6.084853786470114,9.982786848174204
18.220843275697284,6.081844222039731,9.978382013076562
18.219029684116997,6.08019109452748,9.973386271900855
18.213375637529005,6.07457745250437,9.975809208236546
18.21365514320398,6.076745326356342,9.977755313648027
18.20715031564381,6.080266317679945,9.98028532031432
18.20931453050774,6.08529429454656,9.981165611583991
18.21191254937443,6.088876958002724,9.980848029519349
18.21076098505948,6.0894794440317215,9.980418564552338
18.21685628351528,6.089859807681536,9.979336180166932
18.22407580579823,6.093374166205951,9.979722618449632
18.224934460505875,6.090252000474367,9.976673717271074
18.231510128098193,6.083609397295832,9.966294532156535
18.23608335732521,6.082294850925717,9.957245582317286
18.240668611681812,6.083666932342375,9.94787058430305
18.24190259968776,6.0812988903626914,9.942324853100281
18.245488041886766,6.0818971791461145,9.931068702537194
18.24571977732782,6.082854844059587,9.927466415085005
18.245764085978895,6.0785536902749495,9.925710786888619
18.235198510591573,6.063538267693776,9.93224655966635
18.227348745184173,6.056560091875249,9.939551626730767
18.20714794881007,6.041753416476579,9.951649529048833
18.195390727588553,6.039997481878378,9.956886221520563
18.18145776620562,6.027987014068012,9.948404521353462
18.179633846499197,6.022752116935152,9.94211968973033
18.15513186318035,6.026750182265126,9.931914694785915
18.143682368672184,6.030631088013768,9.922649814362055
18.14199740043191,6.022893141411325,9.91648607242051
18.12342771744719,6.044616583897438,9.907324604084657
18.11492431129348,6.042741121092118,9.896069548956637
18.105318495206262,6.049271870333139,9.890931133428301
18.095064646092016,6.055384348818349,9.888727717570184
18.08289751009054,6.05996541854211,9.886287839043273
18.05711738289237,6.072591168959914,9.88536495182545
18.05365806225967,6.064267780539575,9.88293345147922
18.043949286979327,6.073772750901946,9.885299182377288
18.032626970746485,6.0884278394038915,9.890506560932279
18.021961428858276,6.079485975170868,9.889155520509439
18.019537349072948,6.076866354081233,9.89143472804575
18.016491090238027,6.069037972986625,9.891995404674308
18.020790001302924,6.068246629478172,9.894632914132218
18.025924098559244,6.071017172496345,9.897990908656139
18.030484172425098,6.066603330915654,9.898719644390576
18.038674939007624,6.070556553201014,9.901820383736966
18.043729470838816,6.073544164133997,9.902933818750995
18.046499208220226,6.074396352470705,9.902713454495396
18.04822948878247,6.072685408281275,9.9017058770596
18.061764799532696,6.066877900677792,9.903710383948555
18.05219909318747,6.068897050161718,9.903939083565408
18.054428647665357,6.070579027583759,9.90648927399049
18.061113092773315,6.072633250331722,9.91011454477781
18.081168711543597,6.075429769095699,9.915908253428096
18.08158954353333,6.0783177163698054,9.918154647096747
18.09416715228728,6.0827342302929726,9.921883822107798
18.105775078259793,6.085127544153947,9.925804911873188
18.1174712243838,6.088457854552789,9.929537739830625
18.13958348997223,6.09311149982319,9.930381107280617
18.13822166402906,6.1003627053033265,9.932957684183195
18.135464637601515,6.1044013200627285,9.933887403363434
18.16116857827217,6.103598219844423,9.930200021301086
18.157617375857146,6.107382566106196,9.930423168778539
18.163934323930995,6.107869820493235,9.929404427310144
18.164808631804306,6.110009975554858,9.928902842067298
18.164366598188344,6.114805829288127,9.928311730435508
18.16577202150283,6.120549131567267,9.926402837169793
18.165611056195125,6.129663880470145,9.92275582733817
18.164574820784587,6.138136571977935,9.917645128217135
18.1628154484176,6.1469255372104215,9.910610326642548
18.158901527012514,6.153187955521759,9.903770761701642
18.15364084369356,6.1583113927516475,9.898556762443265
18.14719510107723,6.162137035143247,9.895185142759338
18.141926630159,6.167078705287157,9.893381447158564
18.136659359363076,6.1749118587418526,9.897408592138293
18.131718307070688,6.185339134734341,9.904691486667659
18.126560601650393,6.198687816003003,9.91457085843644
18.120935969955745,6.219466843312212,9.927007962153303
18.11972819267178,6.220922849450639,9.930942185960571
18.118523804382995,6.226993034738743,9.93754929603941
18.118523804382995,6.226993034738743,9.93754929603941
18.120692379125153,6.230377673874741,9.94179063919798
18.123590099188817,6.231775485185159,9.944882278719216
18.123324920875596,6.223927673035421,9.940843429112059
18.128681703227706,6.229623190011099,9.950282192452223
18.13530402266168,6.239011867611783,9.957559972360457
18.13129569989355,6.232310276725247,9.947985450627083
18.133185417118643,6.2443572657653625,9.953562146379106
18.12900395808189,6.248559460631587,9.9454498828638
18.124353384906126,6.260067739211902,9.94018559428388
18.117992798856857,6.249944016796281,9.922292067463022
18.12048881454732,6.258618710087125,9.92699470846745
18.11895007593527,6.247262036162633,9.916909290630446
18.128340383173857,6.248681362652132,9.919141629117513
18.13316937249901,6.241005006331515,9.916583287517252
18.128861449626992,6.215017338465761,9.909710828496575
18.128113387839214,6.212452549200546,9.911596263519153
18.12478698463112,6.213790721655282,9.91119410954709
18.11891772761375,6.210750317052076,9.904867718144825
18.11299333268622,6.211532927968376,9.894128679806625
18.104563607458967,6.229337271008926,9.885382526965653
18.094488934411935,6.232117988917011,9.867613378704522
18.08964946869466,6.247194623052741,9.86479215519126
18.082090659793515,6.26272872158243,9.867749826697358
18.08417089012377,6.270301833624767,9.867053649723836
18.084635377455943,6.2877829420436555,9.868174516673859
18.09052658006922,6.2956569189359985,9.873141271884474
18.0923874744813,6.296508289478463,9.871746697694775
18.10976656520638,6.303447141956559,9.889577199549834
18.11202395880172,6.302230792846308,9.88869803568006
18.122839188709378,6.304393982823514,9.897610118293567
18.132443704710827,6.306189113719215,9.906371101658562
18.13478991610974,6.308034628116906,9.903838009380607
18.138642722800558,6.311622574361578,9.90182098904858
18.14833577382203,6.319740155903568,9.909250560149015
18.15895187932413,6.333304763950888,9.920484487449341
18.159517574573858,6.348457481604086,9.922716998846475
18.157566025386355,6.359372970227515,9.923360437847775
18.15183770198949,6.366968478502449,9.922332606048794
18.142827798778065,6.370285000554478,9.920445072130219
18.13252475571793,6.372036746062707,9.918991753868045
18.12217438513244,6.366966878132063,9.91798458526487
18.10907966532801,6.356914973978891,9.92941352668277
18.101541730171217,6.35120018972408,9.937204967010329
18.095596701733957,6.343713000454858,9.943527547251984
18.09014218549521,6.337073123202924,9.94951599402833
18.086266083875795,6.334729528196711,9.953772758688746
18.0822210208152,6.333418466855064,9.957277733860513
18.081108797852472,6.332927181013213,9.958193054732737
18.081108797852472,6.332927181013213,9.958193054732737
18.07821671675501,6.327722410095061,9.956562034208098
18.073632650650048,6.323481220436345,9.956574858139945
18.074584238328075,6.325132596868541,9.956133197474934
18.078138108690506,6.326782623130596,9.953189162727057
18.079807698633637,6.330500061680579,9.950328032658078
18.09342772483435,6.334348983251488,9.945944963014895
18.090923693022262,6.333138476276872,9.939750978190554
18.097083703480386,6.335094358647719,9.93192104704947
18.102695783124584,6.333292345159089,9.926500765547573
18.118069423080353,6.337169914727439,9.921360536865649
18.124486269307457,6.33626967781571,9.920773300146093
18.134330579218638,6.337349116518464,9.921138130658626
18.13374492795969,6.330037381722749,9.920457532565937
18.13656368943903,6.328302099416853,9.9202833305084
18.138558357152743,6.32569181100381,9.921265145773836
18.143114913835714,6.32917199368232,9.923551221276547
18.147178221484747,6.3288165110327865,9.924319347621775
18.156661095401162,6.3337349889528625,9.928674062783454
18.17056428360663,6.337526174180966,9.936251991903358
18.168769742029294,6.3402760516638725,9.938685204051115
18.205490407728856,6.347809071773033,9.95330579656695
18.22440835107147,6.349352577039355,9.961174128844299
18.258485349992764,6.346913173196133,9.970227431036477
18.274202842552885,6.343174352501962,9.974654925880227
18.268996969940666,6.341717737296959,9.977959489137236
18.281854083711906,6.336784403646732,9.98491963708164
18.30262675611938,6.324001106567774,10.001537254519343
18.30089113217387,6.321187373141505,10.000712911461179
18.31532923996309,6.3095494170618736,10.013253591512232
18.32046899264343,6.307653465470128,10.016923657911867
18.326169518818514,6.303698606026357,10.01849995932036
18.332096626455126,6.302687677617025,10.01986494935655
18.329090876330543,6.302383695220118,10.02228303572504
18.33146748583948,6.293923047602173,10.022570866134398
18.33138845086739,6.2738547353620175,10.024432102233567
18.32613330458005,6.253517055512009,10.025593304059747
18.31601762296243,6.236992068706223,10.029133610997576
18.3129435993388,6.2340025025648815,10.029657342952321
18.30009913787907,6.209708901752451,10.039811944978268
18.298407773849608,6.210011670450609,10.040810439620705
18.279378647694763,6.195401407783576,10.06231189154384
18.26855225809703,6.1954792754864485,10.077155437261519
18.25982555473622,6.194220134275884,10.088020350044232
18.247599141356936,6.196686498750053,10.100859653443885
18.240516755511596,6.19839742084936,10.107623839183828
18.234588283121614,6.199227627692993,10.105637390276712
18.2291903818955,6.201067761297509,10.098626282440325
18.214807107652856,6.200415975397302,10.054487128299778
18.214807107652856,6.200415975397302,10.054487128299778
18.22426906423837,6.209105577270134,10.062892465507073
18.219666033752773,6.20783949889476,10.039081822066839
18.21083074605835,6.20567725486281,10.023891405549987
18.181076004328677,6.188892239804451,10.02135829595737
18.182013587517897,6.193207757326512,10.022913871841288
18.162608465814316,6.182869727828203,10.031357967659345
18.141570153166928,6.172618591408794,10.043631386655598
18.10094763519206,6.146344294862402,10.054060592341143
18.083272907784867,6.142155916413929,10.059477734741824
18.070747846642178,6.1383606015980785,10.065282892548607
18.060344183471855,6.139468909892328,10.072168871399091
18.05473314245619,6.140706202848162,10.081497252189589
18.050043419435358,6.148526947270705,10.091798909499197
18.04502287642541,6.1684837211244705,10.10244872176309
18.047100670160205,6.175001385955758,10.104137624101192
18.04509234243771,6.1904621177422685,10.10201308342888
18.041447259044112,6.203067969284864,10.09727667680364
18.036675499615633,6.201947762118315,10.092587442449286
18.030060809387585,6.215640303437009,10.092059580548282
18.025310760867583,6.215449385349863,10.094617446228458
18.021995502865643,6.214231930875872,10.102220079180146
18.027540599878762,6.208059587694909,10.12845547773466
18.02553419973074,6.2103277888360235,10.12546247665963
18.03325233850494,6.206330196472596,10.134204606868547
18.042575243772315,6.203960730131929,10.143159218814125
18.051555252868308,6.201009907607705,10.144079043204325
18.064519747918784,6.202486699695088,10.13569736137741
18.07002939386868,6.208391236533979,10.127223859749824
18.07686333827925,6.218516266601019,10.114158771387851
18.077078168898616,6.219837986069772,10.109611199702291
18.08146233227181,6.227079091564399,10.104675546415269
18.08146233227181,6.227079091564399,10.104675546415269
18.081935998820743,6.2390807510858455,10.094107082195166
18.08615831344554,6.242714473268254,10.09291194229901
18.08697333188056,6.242838686312423,10.096092913839465
18.089981591628256,6.243505456811198,10.105824767263178
18.092631583923648,6.2559744041605665,10.124895855173724
18.09328237342747,6.248129753545997,10.126672183582661
18.09369331222558,6.254609869854963,10.13718820175923
18.089636407661875,6.2725370517566805,10.15172463582021
18.08839532577733,6.2802360643174895,10.154099361450578
18.087301951470067,6.288291131075367,10.15517782612701
18.08528389219253,6.291987214096657,10.155407840623973
18.08369721582568,6.287716817889934,10.155416799203694
18.08151876038268,6.29425766064836,10.156223000082013
18.079116012180265,6.307041296133094,10.159964048495993
18.077064000916245,6.308626347559975,10.161469472187934
18.07437697928698,6.307729612428645,10.162016812224902
18.07008717998727,6.30966490907803,10.161273036436308
18.06984500286804,6.307098582128441,10.163930327803254
18.046020172287374,6.2965523208089325,10.165499063604521
18.04189527627604,6.2929161321920395,10.166201797390524
18.02572845177932,6.283761641431244,10.165125121978944
18.003743581303304,6.262235768593711,10.162678863023801
18.000156841948144,6.259607404443217,10.162018781684663
17.997551150789956,6.244225683389762,10.163807972157423
17.99904695097979,6.213945044493718,10.176255218101655
17.99781093253888,6.202899783746899,10.181463043879173
18.00120034881793,6.197214043327778,10.185821816112004
18.0034312322351,6.199410774062639,10.190490318396938
18.006921565537645,6.206618228608404,10.18825704864089
18.009897634065076,6.22099702577274,10.181501858790458
18.022769402928017,6.254533600801566,10.160785638621086
18.020274956800172,6.256284779443555,10.163206645659887
18.037071583295884,6.2794012499960905,10.150424182973598
18.035162618068618,6.28224413805028,10.155433917297376
18.048562006873443,6.289012418164905,10.159314732539059
18.06531670445401,6.292560300642528,10.165122860226282
18.088002352381448,6.293625097882535,10.181541397782523
18.111607542943595,6.292029599354333,10.19438876486694
18.141508068601436,6.288856002254679,10.210746465954898
18.168221970556953,6.285382628048969,10.220499516770458
18.194809625218934,6.276633923868221,10.223947346535056
18.21090648418834,6.269685302763126,10.22051546712369
18.240349576852463,6.261073232333399,10.209446095946443
18.260469640053508,6.2544452249289915,10.197473615568203
18.277284999133553,6.248946969015904,10.18294605544302
18.289934072017402,6.246333734453404,10.168488929608456
18.29875264882207,6.2421997640181255,10.15382762616946
18.302186436469757,6.2318820286533425,10.138434877666707
18.303114420537245,6.220597228915756,10.130559661770713
18.301997681722572,6.207370266104623,10.125896461950797
18.290183221812743,6.183179842509799,10.112844402561132
18.280084649842163,6.163479467659792,10.11208424877116
18.26389460771338,6.1378818019189945,10.116346888850595
18.250747251392553,6.134082480142344,10.126355224092922
18.24388268896218,6.127627948544234,10.122523235748954
18.22889389757982,6.132034348814666,10.129609595745741
18.215485723229047,6.142228366332961,10.129171644873578
18.20070793286591,6.181660188339595,10.117523188942107
18.203658001095203,6.179126755015008,10.119848778204778
18.203221739270855,6.196897094314632,10.109281581614717
18.20799263444355,6.2158987343053544,10.09928226115778
18.220540857808558,6.249276771023531,10.078074659052254
18.234714718549107,6.2577205299113094,10.074321304369308
18.239517238791805,6.259588278864487,10.074322115178878
18.242961729117926,6.26157828047678,10.072020525376091
18.272696656921035,6.2654847179739335,10.074147105805956
18.272696656921035,6.2654847179739335,10.074147105805956
18.28661964849533,6.2504273923949825,10.078433630307693
18.290163031711238,6.2418305541476125,10.076048296202469
18.29453667786562,6.2285636532880035,10.080185583357878
18.30094187793605,6.217383666370126,10.086253812706454
18.299715144568907,6.204113371460925,10.088170807732089
18.3027691965687,6.200951216400479,10.095444128777155
18.30095781551343,6.197049430471647,10.097667453137309
18.30071287897949,6.19797457404315,10.101460477923611
18.300905221736617,6.19903508253646,10.103007897394663
18.30292194729588,6.200547280907527,10.102647430803069
18.29786326828613,6.204906499262718,10.100137382767736
18.29989804227424,6.202425488713135,10.10008529462347
18.29392714385154,6.2129988089452475,10.098366058265457
18.285778489231372,6.218773691956213,10.10497605430595
18.2642928534857,6.236672800844015,10.111279704629652
18.26283717676941,6.242895278243209,10.11346121805069
18.251436534156287,6.2588241007518794,10.119030112737267
18.237712407239286,6.276207660386487,10.124098464768808
18.238240024019344,6.282958161894974,10.1260178058846
18.224653179863918,6.298510462907497,10.130750667733812
18.22267206405608,6.302523405909556,10.132359710369428
18.19606155846979,6.319018475965809,10.130128789855034
18.182845276152264,6.32023949584035,10.123935255616084
18.173678771567506,6.332112371635518,10.123552983036102
18.169208529152407,6.345054437966728,10.114027448000009
18.15843868133389,6.389160057028512,10.101960765543938
18.156097714515784,6.414259526367504,10.092809192401164
18.1511067825173,6.436924254036812,10.082775995286081
18.14270576289553,6.455824880081904,10.071345248914673
18.12904877151447,6.470377744942159,10.061184626910517
18.111403469655073,6.480694206094142,10.052699544710238
18.089042674312626,6.491467929862796,10.047776350267512
18.066465873700956,6.492587540182587,10.04320206400996
18.060492706987546,6.488724780823321,10.039287012223397
18.033441460978008,6.483153085166174,10.03475787886249
18.022724014826505,6.480807109275528,10.040767537003164
18.019505786004142,6.467445630796793,10.048789395646963
18.01616095096227,6.450923519569933,10.070912927514453
18.014091821377146,6.446908570531175,10.078364148232579
18.01765505586475,6.438961274421357,10.08513851406941
18.023080102674424,6.435201881891111,10.09053819440377
18.021177575121097,6.42603997964399,10.09534174903071
18.01889741838463,6.413446743983667,10.096216349262136
18.015840979318856,6.396368087045165,10.097337771544385
18.015290832402226,6.368511718197542,10.10907074379352
18.008627283207826,6.3500332308018255,10.115833990924525
18.002573571989476,6.335961945711367,10.12079867306652
17.99900961616395,6.33113578334189,10.121520584452252
17.989141211643382,6.321314449278837,10.122237499906529
17.987746965008757,6.318926523146684,10.122849198127897
17.95711622444627,6.322828135759611,10.102057442406327
17.955182386721415,6.327083241330393,10.103342131602107
17.951795205992696,6.33026128789829,10.105348760995604
17.924760003539014,6.351010534802342,10.061966001729152
17.921696792225276,6.360673460606912,10.039991090502431
17.907013124630748,6.366319351819127,10.022717570980879
17.907133808330713,6.368739438504995,10.006907452156328
17.91367562386693,6.372801740364321,9.994049098164176
17.92745807779627,6.377109737671522,9.98682598649428
17.9638454335902,6.378119477548711,9.988343538945553
17.968000049944486,6.380919029758166,9.98842182259424
17.972262271262654,6.384242990438915,9.988963913547195
18.01593461383998,6.370247220066187,10.011586971514676
18.03558191471229,6.3595287736301085,10.027345505030453
18.062107731196857,6.3437244328251525,10.057335074382673
18.07234086674612,6.332103726867563,10.06710951502702
18.080326873398395,6.32799226828975,10.075892754149997
18.0760393222605,6.32225345598856,10.075917725004153
18.079988147808336,6.318109199718624,10.0813459228737
18.090969383506152,6.315888128613121,10.080561501098694
18.09426421885207,6.3166481504478105,10.074139716162993
18.096454117972744,6.316475488610138,10.064102547435898
18.09985001939122,6.313901073132524,10.05272318029225
18.10301532473787,6.311553118061372,10.04164061645186
18.105231168670326,6.307544614697074,10.031136194085182
18.10169378119542,6.304657567787718,10.028885012301703
18.0915786237369,6.305068948840354,10.039025284939658
18.080651454077206,6.307568487135425,10.045678755745461
18.07451120520666,6.304638772387561,10.040227933074283
18.07000092876812,6.303404057995623,10.036774069003283
18.058035429134243,6.312665441298876,10.052452502977916
18.055535111184252,6.311920374575679,10.054820833974807
18.056350426921572,6.311750368694211,10.054685215398981
18.059155640052193,6.310772137704164,10.052581130132051
18.0589491751783,6.314871193784976,10.045070405687492
18.06570544185661,6.313130325294791,10.045756381206626
18.066892442728502,6.315487629846217,10.03891017847642
18.062194715904358,6.313287090736833,10.022433091659147
18.063983423006007,6.3192682178397215,10.020466229206416
18.052959502433538,6.313498224851073,10.003938838591624
18.052079398804228,6.312980794225919,9.999028021355835
18.04455088748058,6.304691742055761,9.990919201006587
18.037838338402924,6.295201841682574,9.983970934368406
18.036234120127354,6.284749332349356,9.982267721131613
18.03386593449647,6.2832732299848475,9.980610812347898
18.041442995905307,6.282788334918486,9.98582687438219
18.048742787568578,6.288787821384764,9.990270059537707
18.044653063744015,6.278798814774216,9.987604384995082
18.044653063744015,6.278798814774216,9.987604384995082
18.061322010717433,6.2881570566600855,9.995028575380177
18.071735170139995,6.292566095010658,9.995600394428596
18.082982142308786,6.296076474877801,9.997680513711565
18.091981962110783,6.297384185725491,10.00255916703625
18.095782114043427,6.298613801247627,10.009503995449757
18.09251929890884,6.294778068295469,10.007553466283495
18.094531580945432,6.295308191693163,10.022726596826026
18.092377632533655,6.292871285196261,10.026962551993519
18.091910733299592,6.284547991106059,10.028292486058145
18.09496946889088,6.2775506280758355,10.02536496858386
18.098352610327392,6.274940886981038,10.019572180383504
18.093831902245277,6.268187035379953,10.01236672756657
18.099828847896923,6.268012889351426,10.004294022197493
18.119393429593714,6.27796719351036,9.995764226200496
18.11909527427422,6.27189386913478,9.988405317469248
18.130565054067915,6.273912220076105,9.982193232029362
18.130565054067915,6.273912220076105,9.982193232029362
18.143908750435745,6.274920857647441,9.975332890614728
18.15458069462272,6.282551260368478,9.978701648496239
18.165933190246193,6.290443759346094,9.98341660736456
18.181904346283588,6.305035716295035,9.998512900275578
18.18845290929392,6.309146465090294,10.005730378950114
18.194265393335414,6.312723193482091,10.01242661261459
18.194766530264243,6.309797670151167,10.010733036272736
18.19833612751752,6.311851923782113,10.014248339503135
18.199430682411414,6.311574022208774,10.014761378328082
18.195042733333498,6.317939758891754,10.01226719874553
18.189946707390273,6.316394809100445,10.007483139100934
18.182537628726216,6.311414623784768,10.002525956687514
18.175039296682233,6.302346550541272,10.000137672128018
18.175039296682233,6.302346550541272,10.000137672128018
18.15909927001417,6.2944664220975595,10.004903198401411
18.148530152801943,6.277536486777247,10.009476729529275
18.14122995883779,6.259984278219433,10.019952967077677
18.13578790034221,6.242836956166553,10.032969967601064
18.131037345101706,6.225311364796852,10.04433133192481
18.1326142640842,6.222990182826512,10.046119544548857
18.122199741083577,6.194952183828107,10.05656425995041
18.115659420182723,6.189567146842077,10.054142980259728
18.102726666024953,6.192742194730349,10.034579855312629
18.09419904585124,6.196606376605801,10.022741326240878
18.083992753742457,6.200368789121825,10.01374351048239
18.070937351296653,6.199140474782089,10.005616957472355
18.06088435037075,6.197855868021807,9.9975826455155
18.052421230993815,6.195350440851576,9.992963124081989
18.04288141326119,6.19135129046662,9.994061365029555
18.04047654409512,6.187420281449522,10.000697257947332
18.04047654409512,6.187420281449522,10.000697257947332
18.039340151011295,6.182081696566774,10.008813113275405
18.037657928195873,6.179516292801423,10.019671997101026
18.03681918539348,6.17271384529832,10.029791698879972
18.031915353513323,6.16203494593485,10.041768806267106
18.03230036268512,6.167956247136842,10.044300884760256
18.027077810669947,6.1744022781554095,10.048542436399146
18.01841423078592,6.181844288462123,10.047099010711309
18.00514504817224,6.190229557488272,10.040112331874008
17.997658214300078,6.194962018089695,10.030354113568206
17.991834585889674,6.2015485937327774,10.020481732660777
17.98700891631371,6.20806196775998,10.012719348537702
17.98556822731537,6.220172661224279,10.009778956616323
17.98676501422617,6.22827967691853,10.010900305611953
17.99287222103515,6.2510727581183705,10.022953914375105
17.98797744259654,6.25298348622682,10.02629763894583
17.99149059898179,6.269848271897631,10.050934688749512
17.984896692412274,6.270970864364776,10.052606250726697
17.989162283869486,6.276189280595389,10.060895019072246
17.982572795392347,6.278610458651141,10.067112382738042
17.9891771192678,6.285987082614807,10.072678580226468
17.98974311190502,6.291081707060781,10.079387052576937
17.995058450726326,6.29729066599941,10.082901493923837
18.001897312277055,6.3069219227406945,10.0848279996141
18.00907779667357,6.3199107488939035,10.085161243904382
18.011187363604307,6.327896908563676,10.090894496460521
18.008632170033152,6.345150173119952,10.098224904693902
18.015371795440913,6.368327500317751,10.084401968227668
18.019142428172955,6.3849621705304385,10.081703619947179
18.019142428172955,6.3849621705304385,10.081703619947179
18.036472777573348,6.402917122724213,10.069364654485295
18.04724619630452,6.409086494977774,10.06055706119517
18.08485718550444,6.43064347005347,10.05309180149845
18.09991455440359,6.438883897444562,10.051209514050313
18.113385274925307,6.44458119321987,10.047925793819477
18.122906628433185,6.448765616607479,10.042421346736505
18.121460813032716,6.454643907484914,10.04760143172459
18.12833530707688,6.45683328938137,10.026234962087495
18.119240577828993,6.46465997395582,10.02086659743837
18.11446865695077,6.471889928459908,10.02420044082262
18.103714523737967,6.465434286533313,10.0133643265715
18.09432976973045,6.4634087222654655,10.015839834183309
18.081327567629295,6.4522749930726695,10.028367266133746
18.075530499038805,6.4487677686371345,10.036315294820799
18.075566076621083,6.451353144184581,10.03760384109028
18.069912119329608,6.4393587898097016,10.047188522662267
18.071357433850093,6.438958997616963,10.04754631974806
18.067821338926834,6.425527022018883,10.052599879319539
18.064815405341136,6.419337871578017,10.054353831699805
18.06072727579592,6.413654404830571,10.052689808890914
18.057945416753462,6.411346220317901,10.05131454419717
18.053338131417657,6.406912353635379,10.04751827931142
18.048274502777417,6.4045923253209995,10.042379274332946
18.042334400442716,6.405363570198209,10.03953965662416
18.03722045301518,6.4088342259333,10.035004115515305
18.033584609420632,6.411599974101557,10.034831824126734
18.030595114243372,6.414733122502265,10.035529261605296
18.028413022336814,6.421480135256658,10.040639368412522
18.030672790596693,6.428660941636598,10.047574933891575
18.04040933702922,6.442371880850821,10.064992606334053
18.050478378632494,6.447694923853859,10.074867201836213
18.062951513393088,6.455846060514803,10.085993229971525
18.07503357373929,6.4608113555955855,10.093017778895709
18.087650986319307,6.469543840861209,10.101095211927444
18.100420880770805,6.477462278122275,10.106626226543149
18.11472707848495,6.491367166883056,10.112143253102316
18.11372998420642,6.488723237319879,10.111991815182874
18.1170219323209,6.494051068968182,10.112752172304385
18.11487962359087,6.494745423487204,10.111744055612439
18.111919157226623,6.4941058000554275,10.11068476604404
18.098458416052967,6.4907138017245805,10.108817166937733
18.089308253403626,6.484200105877175,10.105920179793634
18.080408353868876,6.477252482010063,10.101268941273107
18.072623151809818,6.474985311790611,10.099735510365878
18.06870011099489,6.4681841157538695,10.098336982255962
18.06335532336186,6.465542730368899,10.09748307888832
18.061999313129363,6.461778751584982,10.09833925110406
18.059235114499995,6.459836438337984,10.099054609594889
18.062879297922972,6.457864300749848,10.103491171708015
18.06156964043274,6.45865960601688,10.10619789524282
18.06584551868527,6.457713693188097,10.110265014835518
18.069187810437253,6.455718822572248,10.115348678110754
18.07420539629656,6.453915725356985,10.119794944060134
18.080167362152885,6.452457540998257,10.121608318042673
18.092594296027094,6.449748611027099,10.118989577940045
18.09086134779026,6.451562301627775,10.119399004910035
18.096799769485546,6.454156050966915,10.119454395825791
18.104664531389382,6.45563326065988,10.117016528019674
18.116310105355474,6.464055523570453,10.117270999140338
18.118575381018218,6.467780651732096,10.118153454049478
18.128413517120432,6.477711655297072,10.119816777327351
18.132847108749147,6.478601677406285,10.121957351476949
18.133529596937215,6.480915313737276,10.127522507707164
18.132879196357855,6.483898234021929,10.134769090631364
18.129581251225947,6.493195408671218,10.148017375562418
18.123484555801603,6.495482465927853,10.149707748637248
18.118501662879012,6.4943554634864045,10.148662050863132
18.109761190702333,6.498272086423471,10.14925802540469
18.105247573039318,6.49710673793386,10.147869912006346
18.10707061602961,6.5009924559358545,10.152126582548195
18.106341493897524,6.505351390719582,10.157641129294193
18.109586552058197,6.521817138104249,10.176256133001264
18.105505727273503,6.539320677769596,10.187881105229181
18.102154922753883,6.547718859847142,10.197812156685396
18.093299029512888,6.55024927414859,10.195537041158605
18.088836238622232,6.552816507918695,10.202953389283048
18.07790181025342,6.5493993832850474,10.214391666466033
18.080967628106677,6.545184890122414,10.216220875505984
18.081975407040513,6.537832321575861,10.225761585602385
18.07881459722643,6.532433117858815,10.230113686008714
18.07278244932432,6.528205203967728,10.22842711254987
18.06635123913463,6.522440716301529,10.223890341569371
18.05987772690752,6.5182972198798215,10.218657168627013
18.053465644226957,6.5139450102180065,10.211905545918855
18.04872485573609,6.504043525914166,10.204055691611213
18.04516001163764,6.4922652865022314,10.197474307604104
18.046031164838176,6.4856681060477825,10.195450562717985
18.047347444476475,6.475071802903783,10.19179073610949
18.044249110342403,6.461225227664323,10.185856982618175
18.045335223170312,6.446424681255489,10.182040745889642
18.05562250674064,6.458669528058623,10.191835021233567
18.048203346405447,6.446299947198193,10.187851208907128
18.043340649067293,6.447462039575841,10.187990047508473
18.035815463006998,6.449434630243863,10.185656802182505
18.028421052638702,6.450461570230018,10.181315544334058
18.020005559762478,6.454424325999672,10.17584663054554
18.007085230785016,6.464780791728659,10.176667010916965
18.001923178931385,6.465846632424639,10.180854134297162
18.000117813202497,6.471181065821598,10.18202899222554
18.002038600424264,6.479135833048432,10.18563652592909
18.007804803252004,6.490247427800317,10.187464784103494
18.006954701667578,6.492947471406092,10.18879290702726
18.01535457014926,6.501773259564091,10.19079422250037
18.030201309831625,6.510516585258988,10.190953442164458
18.033385811313366,6.510705076162953,10.189447597864872
18.034279340940955,6.512079501234633,10.187040514079772
18.029986039256233,6.50571512174571,10.182521042101916
18.029101735385343,6.502973344040959,10.17867421589188
18.028733795337875,6.502535224314956,10.17657850284517
18.02964358968851,6.501863969325147,10.178362404457845
18.033979813303283,6.500600506459324,10.182872172457955
18.04030922888696,6.5008034065541445,10.187773134542706
18.049831345643618,6.50431389450277,10.195657151417917
18.066071428531863,6.51968838144666,10.212411860539722
18.07174126881319,6.526627902590755,10.217378992084686
18.07355779015272,6.536696605152653,10.221365178138646
18.072952205666308,6.5459566030119865,10.22185459521038
18.071355529062433,6.555258855816532,10.220382854112016
18.06898123416911,6.561057042231996,10.219206062790553
18.065659269056663,6.567513111253422,10.22048515648633
18.064217191744678,6.5720810274428265,10.224625672487926
18.06104521012775,6.5663149893811275,10.224565207378715
18.060196189863756,6.561462555492887,10.226139508824298
18.061958272528223,6.56258195929837,10.235097904895008
18.063325336125384,6.566297154445967,10.244149673184161
18.063832851106746,6.5601525093394875,10.25714918359795
18.06381999294865,6.557932703414516,10.267526745272875
18.061585044571153,6.554761753616932,10.267573634247608
18.062801464536452,6.555349701806672,10.28186988824527
18.06445591849328,6.552301542990544,10.287426524035464
18.06752344911811,6.551526626021787,10.291036187476596
18.078918199149328,6.550832852876941,10.291128435257004
18.099742419672296,6.550336923327318,10.286486789117316
18.117792472540952,6.544648236300896,10.29148729455338
18.117792472540952,6.544648236300896,10.29148729455338
18.131166499873274,6.548603270338671,10.300644539184878
18.139917461430823,6.549304483293778,10.30666592482308
18.142192380362847,6.54684095953093,10.309854657394702
18.14893254020545,6.546005985694306,10.312552766176779
18.149887889999174,6.546628972628684,10.316500348820842
18.145593456497476,6.538123493230403,10.316752275870272
18.14205289455748,6.532722566272139,10.31539898260063
18.139602438222976,6.526034756455103,10.314852766892159
18.139047497107377,6.520336303484973,10.313917291195034
18.140515170772037,6.515434112379544,10.313497380790922
18.141730883277198,6.512048303602782,10.315429015560227
18.148346132635634,6.508530398521356,10.31609427200411
18.151046859071055,6.506250994180107,10.314043197578323
18.153709166669515,6.502552806252665,10.311301630563742
18.15287309302395,6.492752887184427,10.307261817171598
18.154944898437257,6.492079975771078,10.304696598391429
18.154249488071837,6.485978112690668,10.300419095910033
18.150759912967295,6.480637120812763,10.295112000149288
18.144087928553468,6.483698060480761,10.293359136627872
18.13636086471071,6.482431395218242,10.28547418923439
18.111353432113923,6.4866671661950805,10.272995312291064
18.09742194742793,6.480519340009484,10.264184789442528
18.0775112612473,6.4652769665667025,10.256671062797293
18.0625934816921,6.466699305757185,10.256251607900392
18.0532071831694,6.487266828172733,10.26934330282549
18.049662715502247,6.497858631617964,10.279281246950712
18.044511884445235,6.492872634186228,10.275397348660052
18.05105329276198,6.504995437348771,10.2881635436953
18.070856400589637,6.529430758635405,10.308397802328829
18.08660593165737,6.539519998529704,10.318322546059713
18.11704845139562,6.566377092237051,10.330949064313543
18.124327220161458,6.560971521989552,10.332758174464882
18.136021203056185,6.579739705265262,10.335995180265577
18.145390963188348,6.5768467559911254,10.33897354390157
18.17046862146253,6.6173506044219765,10.338324421560493
18.183028810012548,6.6308079453069615,10.332542532024021
18.19340234646877,6.642154095862363,10.326894750414018
18.189129706462978,6.638268779301126,10.323994340165372
18.203926655207077,6.647354058069208,10.32165637304861
18.214302274570315,6.645838848720101,10.319497636323796
18.237309937936725,6.639779049305555,10.325493131735326
18.24938740565838,6.628274467081874,10.329435019119916
18.259141223115908,6.612339681791418,10.332131235537018
18.28342406843611,6.581913557095072,10.345187426455306
18.28454242616377,6.580099898361316,10.343032837462946
18.29747366015887,6.570181544008537,10.349332138223673
18.310002886110155,6.559034257082323,10.3491705727382
18.340939521798035,6.548367529949904,10.340339766547276
18.35224558605203,6.5491292713339755,10.323830876283752
18.362184313659395,6.556897713917654,10.308955535153347
18.355459175208527,6.556694167115967,10.3061327890307
18.355459175208527,6.556694167115967,10.3061327890307
