2023-07-13 14:59:29.214
34.23709534232974,-3.3718712969996747,12.630425916505766
34.26248985181295,-3.3636321319786733,12.650973911130786
34.31464368258458,-3.356663646891852,12.695689202389916
34.3339630271483,-3.3592652453792993,12.714486970171976
34.344880064297875,-3.3553293348912363,12.725514166301886
34.36291205026397,-3.36091367059384,12.745898135042697
34.37224174693259,-3.36978912454103,12.760004721390143
34.369793258432125,-3.3777398472193214,12.773896175699724
34.369793258432125,-3.3777398472193214,12.773896175699724
34.35634569742402,-3.3809417009480947,12.77672416736752
34.35634569742402,-3.3809417009480947,12.77672416736752
34.348721635042736,-3.3743376608510136,12.7817136466389
34.33437585794903,-3.373687299175536,12.771029315146448
34.33358141046253,-3.3746979797205245,12.759646206250899
34.3447692358692,-3.3783098130047864,12.728870291601657
34.34435564275597,-3.3783172453950145,12.731596988892969
34.36141556133582,-3.383532887639241,12.699289052879177
34.37193186002344,-3.383274298761295,12.704348649293614
34.38367050947421,-3.38465438532028,12.69118566709832
34.39081867341182,-3.387708844894493,12.680998132976347
34.39427280637816,-3.3918652550461235,12.672687913285401
34.393705338116895,-3.39601915909529,12.667649052319913
34.393382528301544,-3.391759743674778,12.67003247157293
34.39171429600276,-3.388643942009557,12.673751417519018
34.3895563814612,-3.3862040683350014,12.678241316463883
34.37776549914133,-3.4099468602786507,12.672298643955001
34.367772913382424,-3.4240443008520787,12.673830395229164
34.35840583306638,-3.439008059862961,12.678590607329433
34.344018580839574,-3.4487341908065856,12.693854938532956
34.32665942542534,-3.4561156001358815,12.712891953318243
34.329143266589206,-3.46085398066488,12.716750043539449
34.32501741359248,-3.4649335935771273,12.722517721983905
34.31992980804027,-3.466922320343768,12.725601243689782
34.3083423832568,-3.4580746935199036,12.725182158231405
34.30199633272984,-3.4549755239604987,12.716934448952557
34.30124762734298,-3.4597897963295403,12.714112501333531
34.30009375841768,-3.4668720209773976,12.709876724807819
34.29421917539603,-3.4627913699081088,12.701122407235152
34.28916946503119,-3.443650560017229,12.687087515962363
34.28883207438843,-3.4487818709675504,12.685391011324931
34.2921719541637,-3.4310463833023124,12.668333583529776
34.295044414460826,-3.434565387477588,12.667353259405244
34.30759183545863,-3.424214435125032,12.65704953904813
34.319434195961456,-3.416708932134373,12.65981942983657
34.32291717634724,-3.41812023935095,12.659449957811331
34.3298448857588,-3.4101147619497447,12.670198356443791
34.330141301028355,-3.407054149189079,12.682751520910571
34.33499962311025,-3.4101228022091354,12.683313592570055
34.33701639007117,-3.411137039793201,12.68637273287596
34.33873948145749,-3.4153141615861835,12.69105267736946
34.33845796021107,-3.422088775261911,12.69736862754308
34.33697992709875,-3.427779047671794,12.704732427353838
34.33683578317806,-3.4376516557537764,12.708458407661931
34.33668998960563,-3.440181008677004,12.710083132170158
34.33959677498241,-3.4490746952981244,12.713410214611741
34.34664504439537,-3.4656332035709925,12.721170268587251
34.35014800546343,-3.4701999945002,12.72607320912861
34.35260894746529,-3.4757952105808116,12.729448306574355
34.35114645489522,-3.482466336881291,12.732614172579902
34.34945704613722,-3.484689484286984,12.73670789357086
34.34647908086741,-3.4833280958994144,12.737945514623556
34.34460295315688,-3.477227492167926,12.73877469624297
34.33415390082775,-3.4641602837356547,12.737721212862866
34.340000691906006,-3.452846111756163,12.732811923480023
34.337560784751,-3.439021225329487,12.727488254976024
34.337560784751,-3.439021225329487,12.727488254976024
34.358235938562544,-3.416353252372635,12.717416430360025
34.37476215052735,-3.4065836953678676,12.708155407550251
34.39181158737447,-3.395486040842272,12.70111206922184
34.406242515534075,-3.3884059790638337,12.6929520752538
34.41244048842115,-3.3846455929301116,12.688166730485245
34.41176649781068,-3.3831817991298863,12.684635296037893
34.41202655964004,-3.3856779276638074,12.680437693993822
34.40487721053452,-3.398682257751105,12.681783843047088
34.400357796902156,-3.4027059276328444,12.677736523130312
34.39382189827538,-3.4051243293263855,12.675076212243981
34.38427101318176,-3.428865005144159,12.69435435698079
34.385614068332295,-3.448195486167708,12.723213419137599
34.37521829460618,-3.4631660972458036,12.717789730302792
34.374130630140925,-3.4838945654423856,12.725142909832702
34.378817811517436,-3.50986995877648,12.724551259927068
34.38378711908036,-3.519447719977493,12.718915429679967
34.39395607221993,-3.5242268375511663,12.712662741613183
34.40704688180479,-3.5210522137698606,12.711199418913814
34.41029397945523,-3.5171119391260817,12.71467628602969
34.422139187188804,-3.5092420597593814,12.71514432879967
34.42974509515918,-3.5009469852696706,12.720276930953949
34.43315936407854,-3.4927673207225656,12.72456847946996
34.43404689759776,-3.4854633124197654,12.727545099020931
34.445503367129234,-3.468976654865863,12.722991403384349
34.445503367129234,-3.468976654865863,12.722991403384349
34.42595027802512,-3.482499880352927,12.72603393068929
34.42346704087038,-3.487060827443834,12.723205689045542
34.4355420469685,-3.4915007121326194,12.718544494782368
34.446908798615965,-3.4965330802964028,12.718735032700765
34.475666479701445,-3.5089136143350905,12.72130684106636
34.475666479701445,-3.5089136143350905,12.72130684106636
34.484773007697314,-3.497196132832729,12.733965287965946
34.5096864094544,-3.510300330730972,12.73542124717936
34.51983568087974,-3.512271656635751,12.737070745419922
34.521402751537174,-3.5189513343913665,12.737988183649787
34.521402751537174,-3.5189513343913665,12.737988183649787
34.526474843274016,-3.5408923156159564,12.723654588057862
34.5245913157388,-3.5419428607833123,12.726834986623352
34.52477321504352,-3.5440339861231944,12.727412221053225
34.53364367762841,-3.563570353363596,12.705689936459112
34.53487668871655,-3.5593507767984542,12.707571239132204
34.53770086948434,-3.5696692707110755,12.690726545150095
34.53821945667867,-3.5770529237292883,12.681500370548669
34.5405316249021,-3.568683482241365,12.680643800008632
34.53784903798987,-3.564986729472992,12.682312444417844
34.5385239097292,-3.571839064906522,12.679165136294408
34.537164167420606,-3.5782913053891425,12.681450308239318
34.53056163761381,-3.580722864283177,12.699527083237902
34.52441054388393,-3.5805193611699964,12.707202142261101
34.506118675260396,-3.5823329510438793,12.717966673559495
34.506118675260396,-3.5823329510438793,12.717966673559495
34.49146823545289,-3.58485810875556,12.724406255031875
34.48917048795568,-3.5856035567973916,12.724630372511713
34.48642351900299,-3.580173004464128,12.723485062458982
34.489435027415894,-3.57869483632508,12.721005511592987
34.49472942384834,-3.574348032695185,12.717390375247728
34.4904589499297,-3.57303714719829,12.720884601155477
34.48937306101727,-3.575973549261908,12.719288404185304
34.48937306101727,-3.575973549261908,12.719288404185304
34.48185738867969,-3.5797796648480853,12.721549274632897
34.483539864161,-3.581043759625903,12.720502018008476
34.476111770030975,-3.5838118856494825,12.723070674786761
34.467294456331004,-3.5902017963898616,12.726738458137044
34.45938883340641,-3.602312821616368,12.738941775235785
34.45810463568874,-3.613791947598363,12.741025781408778
34.45940707683744,-3.625252671894805,12.74296320162926
34.45888339158216,-3.6291624535401232,12.742407879220753
34.46130485533075,-3.640151861284146,12.743959794649834
34.460895187037885,-3.642038427056889,12.744381233154852
34.46240913684627,-3.646648659323367,12.745241237344297
34.46429828656812,-3.65096670875196,12.743685740412584
34.46164303147905,-3.6477420680331636,12.739477950959198
34.45743088680522,-3.6398688118402616,12.738068612611972
34.455112802509724,-3.6397130554778685,12.738127100501655
34.45182280247053,-3.6388562409692633,12.739931711792824
34.4500554082145,-3.622225539945133,12.728303327795322
34.44981588781571,-3.6176153422552026,12.726170671230715
34.44717667960092,-3.620566333295315,12.72583333547255
34.45233892005827,-3.6184569356900336,12.721724980690215
34.46414875685297,-3.6081219467093315,12.714928381054184
34.46462387139726,-3.6101986579233314,12.716190655683024
34.47161838903914,-3.6039378564391544,12.715209499271932
34.47591582323905,-3.599010322924194,12.71556216845002
34.48173080561105,-3.588387024008266,12.71415069533772
34.47973662148717,-3.5835638889212165,12.714815172723918
34.47973662148717,-3.5835638889212165,12.714815172723918
34.47773621075694,-3.582387759216778,12.716844268320816
34.473673986545506,-3.580604690516286,12.717451186822368
34.46693661704632,-3.579223197400554,12.717887975188969
34.46135338904669,-3.583559212257963,12.718449114164635
34.4600764511775,-3.582645613618646,12.720078612728617
34.45154514265639,-3.598648101119098,12.724482200601564
34.445539932715256,-3.6030785873616717,12.728447342359933
34.43910177819441,-3.607802098130305,12.730695394197003
34.43332216960143,-3.6147867629252723,12.731467826966732
34.426848701589655,-3.6313327661169517,12.732464989186367
34.427525521819106,-3.6357092051924496,12.733322841938067
34.4281324705285,-3.6392144283310737,12.734738066141114
34.43258898028227,-3.632654370494076,12.733018072472063
34.43370079097339,-3.632414029127094,12.740484183982952
34.442116773084976,-3.5866348929504506,12.766620405576536
34.439010884225674,-3.579747658309934,12.775586525797896
34.446357748084445,-3.5521488701135073,12.805830485618225
34.45690727145732,-3.534919903801679,12.841156477037815
34.49029193166059,-3.5333841308346163,12.913695998042606
34.492796884261125,-3.557135424824299,12.951716521686818
34.48984756238779,-3.5873108084248195,12.987586807537824
34.48250190753951,-3.613307970394512,13.017125159005888
34.477317216035175,-3.6470334982178865,13.042853612055803
34.471461886128175,-3.659561300766859,13.043680522678336
34.48186607892164,-3.656650213048348,13.04491722303246
34.46437362086077,-3.654524134500342,13.029476386721448
34.45896918744756,-3.638280261263632,13.017189701299392
34.45698818139567,-3.624822163468233,13.00188231607685
34.45585871230657,-3.6161395158442953,12.985630048388556
34.453296234930804,-3.611620842009714,12.971099720716136
34.44601759969185,-3.6112415154447635,12.97440122875023
34.441153443902536,-3.6125268422123735,12.976066453749608
34.438532580075076,-3.611022492442126,12.979805823297367
34.43818360009399,-3.609582833784985,12.98262726890044
34.44149421392599,-3.603174174644396,12.970302829993154
34.442683530543,-3.6032443688964646,12.956086279957871
34.41373250010985,-3.6291605917932808,12.93385714386269
34.41272198479173,-3.632316276065608,12.93535629807814
34.4089218071959,-3.639269663015872,12.936551109185578
34.394839183946004,-3.6629733925215415,12.934627625016002
34.382674011793966,-3.68840105839347,12.933441968594956
34.37767776947302,-3.692495448718372,12.935401573939481
34.37036170149001,-3.6957315699240403,12.934798030872145
34.36397157349207,-3.6959763628431137,12.929110361765833
34.34930035916763,-3.695244490402523,12.922342417939117
34.335173823607,-3.6831830483898402,12.91475833298659
34.3226465980238,-3.6723135566354004,12.904881598420497
34.313982013835385,-3.667104147367286,12.891376901181628
34.30672369439859,-3.6639588326983525,12.883290506915298
34.305345728418665,-3.663019088647153,12.884393957961906
34.30398272969769,-3.661371717311085,12.881750224320946
34.298001535865744,-3.668336267765083,12.866367669618079
34.29592069809,-3.674811886921531,12.867069185372245
34.2957984362472,-3.6757090420282617,12.868452100232357
34.295566537129204,-3.672784354829796,12.8683496411998
34.29585033334745,-3.6746431297872038,12.863538807613603
34.30387401189319,-3.6621490216606207,12.865079781604386
34.312757296019456,-3.655815491547696,12.858866179784119
34.326244479196575,-3.6525424920918605,12.850433766721837
34.33689776786381,-3.646451844420031,12.846464366246776
34.34772774026186,-3.646560320763609,12.841486864167763
34.35532352148772,-3.6448380690931717,12.840164264328752
34.358216013986315,-3.6456394582561096,12.84022994096263
34.35705593039996,-3.6506156871866153,12.839293362760067
34.351388926556254,-3.656682772784624,12.838408563747826
34.350246863834464,-3.665714458988492,12.841235782669994
34.34654767745302,-3.679407599054748,12.840446024968115
34.341973113377506,-3.6827792720870347,12.837775076327201
34.342122585470925,-3.696819673821212,12.839189665141426
34.34182948434149,-3.708998578680277,12.842044323509107
34.34223876394682,-3.7204349640495673,12.843885748336843
34.34483501235942,-3.7323621364676765,12.839383152950068
34.34393444233359,-3.7348120607091215,12.834214346396537
34.34393444233359,-3.7348120607091215,12.834214346396537
34.33960409047789,-3.7259231161483948,12.812251224845102
34.33906937098454,-3.716821242037537,12.795504789388227
34.3403247673172,-3.7089508467971317,12.780063691740633
34.34381172425623,-3.708161689980326,12.767191992560491
34.3461925785942,-3.710086033294181,12.760078566991885
34.34360502607453,-3.712846110448863,12.761954300198573
34.346062622304835,-3.7261862760549254,12.754466893051838
34.34219757857711,-3.730666991840746,12.754715142150301
34.3338277595407,-3.7448138347404383,12.756358815735862
34.330333409731516,-3.7523655559170246,12.755643073795401
34.332593012677336,-3.7656737823753432,12.74879460014058
34.34056330266534,-3.7698959619077845,12.743730369632704
34.34090063041443,-3.7684211924230344,12.744576088442193
34.351416519233034,-3.769548249423641,12.741756405803912
34.38104044308932,-3.772353883416783,12.736638484289765
34.39348570332248,-3.7722890882840936,12.733884020241316
34.39856920153571,-3.773232720297522,12.730472257808975
34.401308932855066,-3.7709801679383017,12.726979496382844
34.39966900382355,-3.774073022401861,12.726732233953358
34.39786960278195,-3.78287027071489,12.721086969934822
34.40009987945457,-3.790553205281311,12.720212511088544
34.39950010691669,-3.8040184253993186,12.727442835336616
34.40224065715646,-3.8189185630826405,12.73841687748498
34.40947403786827,-3.830661070036892,12.756380976423374
34.40383780667732,-3.829821871361753,12.757398070969229
34.41049422718276,-3.8381209045807037,12.773304156353172
34.419093072943014,-3.839475004834215,12.789768141013242
34.428063105690285,-3.843809318131993,12.815633381891057
34.420290213638594,-3.846502284992814,12.825782788895197
34.42011253412732,-3.845076910432643,12.831349227304937
34.41492634112394,-3.8508250360045353,12.833418511974035
34.41429737171088,-3.858429419691478,12.834486695353164
34.41781426017164,-3.8639694688130306,12.832297452306493
34.424518094623004,-3.8603987876652934,12.830336783031694
34.4301754654871,-3.8539641480659292,12.829512128177061
34.4295060673999,-3.844981992533274,12.821028945475714
34.421698698256854,-3.8296679250970986,12.813474657010273
34.409185405263564,-3.8157712382114464,12.80370432451027
34.394106649827776,-3.8037222148353775,12.79082414078394
34.37872637082789,-3.7924214116864676,12.776085178636524
34.36263451678877,-3.782797021119937,12.759859244760676
34.34706883460563,-3.7763358992663725,12.74335087583948
34.34555299830477,-3.773428349104615,12.747272629668887
34.31542859691428,-3.7686414933897434,12.720609652735531
34.30072819436574,-3.7730413404349283,12.712084207202698
34.28546806378785,-3.777134065332649,12.706529411934694
34.269316506970135,-3.778042568016978,12.705064710669902
34.25498159984723,-3.776487495036641,12.707115508145202
34.24462050809784,-3.778710932964911,12.713366013975204
34.238895165182505,-3.769008704429979,12.718283177834179
34.22537731182461,-3.777352217050015,12.741198758117982
34.21891055364025,-3.7805110647560976,12.752823323326297
34.21234523870668,-3.780050682080194,12.766368828327819
34.20313944225771,-3.781491057704001,12.779011946008183
34.20605718269062,-3.7796040459321514,12.793790043218616
34.2014713684825,-3.782365252552969,12.792635112892444
34.223089823307426,-3.7730064810948973,12.816933371838827
34.24102107149823,-3.7628273859080505,12.823518844046529
34.261556642153735,-3.7545793775983625,12.823768890265503
34.282154219753075,-3.7407434025547737,12.8230632470739
34.298672541863716,-3.724939256837511,12.822057289515952
34.30020662903983,-3.726058395090444,12.815995383610625
34.316271295970935,-3.7126834732701464,12.810183926945491
34.342958960257384,-3.683188236572314,12.8092730623481
34.356513632893716,-3.6693671215803834,12.812626930392998
34.371306577084525,-3.657646909301125,12.821022719185104
34.386927468206565,-3.6488480752955117,12.826109104352524
34.40365447496362,-3.6430019878997606,12.83995401937445
34.421044809709585,-3.6412899555863163,12.851278036546969
34.4380864093117,-3.6439279099429123,12.860574678836086
34.456389232768046,-3.650157568646753,12.873342862940383
34.473999071040645,-3.6551504545233082,12.885572797088157
34.48890379431194,-3.6610000380952705,12.893473383375314
34.50317435907765,-3.6629975607704095,12.898335489818187
34.516062902923615,-3.665521016130705,12.899003414983014
34.52627396658025,-3.6646404302559237,12.898455388866049
34.53325193695693,-3.659262012282599,12.895708559420141
34.53972307004386,-3.656131014412056,12.890773912761476
34.542898830309035,-3.6524530556569403,12.886983093058033
34.538982944707016,-3.6495687528903944,12.88866698501527
34.54360820140865,-3.6493918480619665,12.884474209988433
34.54503664001282,-3.648144072615159,12.883549138504023
34.545590112914255,-3.6428288855931257,12.888936043000848
34.5493601388506,-3.6395969238668457,12.887865161973686
34.550441235812634,-3.6377144740074243,12.889918102026718
34.54863760145095,-3.637206629916715,12.892010116023322
34.54712193291878,-3.6410579637586613,12.89333463558771
34.543062867161986,-3.6459413705853394,12.8938828224194
34.54026366108764,-3.6516566823597487,12.893043949405609
34.538329490258356,-3.6566610617169126,12.890730857235768
34.53733408341937,-3.6589552455477437,12.889584380293602
34.538379185191964,-3.6613205664280413,12.889695947262085
34.53777813026352,-3.6643140708459505,12.888511032331891
34.53427888408032,-3.666645529176532,12.8906843893378
34.531895799230675,-3.6684077136443225,12.896610320843738
34.53216918487747,-3.6674338686990766,12.904119730684082
34.533348308704866,-3.669919482872815,12.911321615994812
34.534490006626505,-3.673256448358824,12.91809349403103
34.53658940129457,-3.677338592964634,12.922590104457633
34.537467167234304,-3.681032027786353,12.927661104603377
34.536908717743515,-3.685628473976502,12.929169845923788
34.535949821852306,-3.6930573976559744,12.926226915625866
34.53334539748838,-3.699642802340116,12.924714085984895
34.53278672036766,-3.712760778779521,12.921932508019099
34.53490395437374,-3.711475820782825,12.922524009997543
34.53800970955044,-3.7040793724188528,12.943069435077167
34.53369931089366,-3.6955291948045006,12.944949600195793
34.53033896384842,-3.6934921025960845,12.955387177400539
34.529746965896955,-3.693114012909716,12.97199111745266
34.522807840845196,-3.697512714440144,12.97779093692474
34.514990561171444,-3.7037440855143973,12.98355778064547
34.50253977257343,-3.7202551430969852,12.988654643693152
34.50568423793266,-3.721136580988856,12.992902690984542
34.512319024705455,-3.7192574222685164,12.993187674418618
34.52272169520405,-3.7165711520114826,12.992446111102177
34.535832877184816,-3.7102355631437054,12.988381952893004
34.54992822274138,-3.695039976418736,12.986172392710628
34.56190625837126,-3.6837221891662733,12.980794181276494
34.5714191520596,-3.675549141907402,12.974271397998864
34.57753637165747,-3.6725292851055076,12.968097230148642
34.57477308291269,-3.674700138766186,12.961932161413776
34.57634952550061,-3.679276097339642,12.957097774945918
34.566886751955685,-3.686536110225473,12.955461784196391
34.56628296350443,-3.6948798551959436,12.957996781352184
34.55822735298984,-3.7025534310524004,12.96287111036424
34.55029443555407,-3.710085588865123,12.967056452277161
34.54402215612787,-3.721215160641235,12.967788107555101
34.54276479649723,-3.7173052740281722,12.967241822476087
34.54202305472088,-3.716187015289623,12.967779532165427
34.54138612897408,-3.719487867872719,12.967135067762229
34.541652620064106,-3.715055435087094,12.968184251999014
34.53805619894371,-3.7106004205427148,12.970580248760683
34.53655827384776,-3.720337632244839,12.972655935892663
34.540578811811045,-3.7124286489487552,12.983149885191207
34.54033335284191,-3.7106719910374606,12.98353967571531
34.54033335284191,-3.7106719910374606,12.98353967571531
34.538556650917236,-3.7046329846851944,12.984054629772404
34.536121088722155,-3.6975890976269046,12.98273239755946
34.53432747484132,-3.688200839111245,12.973008866748012
34.53681746794409,-3.671966396421118,12.96183987510115
34.5387303520067,-3.6646493530208706,12.957127697670593
34.541127509486735,-3.6597182058628834,12.955175451702136
34.54390201117629,-3.6555319890946603,12.954466749602371
34.54348770481192,-3.6522438510815136,12.95665594887494
34.543514045467575,-3.6518412325087035,12.959213797751127
34.542492786140365,-3.654880777435612,12.962447479685395
34.53955260081935,-3.652329479263231,12.96759498767768
34.539319418002584,-3.6544073517201108,12.966964184471905
34.53475994392594,-3.651571247199967,12.97484885746364
34.528539020781274,-3.6474344380628425,12.977294957207187
34.52759357905831,-3.6462793104830213,12.971799763803078
34.525521622622165,-3.645943242832669,12.97306320749334
34.52589350963929,-3.6441113282695765,12.970678555778155
34.53032492470546,-3.648421808614495,12.964438971233287
34.53498318013822,-3.6477619786856095,12.963904539393704
34.53574325353354,-3.6481334588676044,12.967808828611762
34.535356369581116,-3.646663563944698,12.97012559476153
34.53150600163253,-3.643859165009156,12.972921981117768
34.52869838004634,-3.640776754077447,12.97395110572223
34.52667360653263,-3.6370982940120813,12.97289731798253
34.522951722661546,-3.6372898031422642,12.969049366779569
34.516673523554914,-3.633859416283409,12.96657094271868
34.519917304702425,-3.6345725775366353,12.963920709023027
34.51969337000393,-3.6341551795814913,12.961258702288935
34.52268062237735,-3.6345400635931715,12.961749384610233
34.51357910156351,-3.6335420308858715,12.962038420517267
34.53128958228117,-3.6322800702895317,12.963541465925882
34.542408486492626,-3.6304257865138245,12.963416513687116
34.555927679325656,-3.630527408045396,12.961937231030156
34.568109089051326,-3.6316065633713377,12.95923835261583
34.579087286894826,-3.6312375340145295,12.955669603253726
34.579087286894826,-3.6312375340145295,12.955669603253726
34.60034110295795,-3.6294589818031575,12.94892052161439
34.60154813495323,-3.6297354569795255,12.947035970209798
34.60329413026319,-3.6304247019480878,12.946965611511782
34.601542632048606,-3.632133405920825,12.947603896975142
34.601728894832824,-3.6362744286252404,12.949358857230848
34.596624911154386,-3.640864358748512,12.947344808162624
34.60001832269448,-3.647029938321858,12.950271408313007
34.59784412148564,-3.653729031068639,12.948529987563417
34.59627284753877,-3.659300923132569,12.949250428057441
34.61236547595494,-3.6690589070925066,12.959309434165865
34.61292941881739,-3.672994734653255,12.960607002887375
34.627699328183034,-3.6811492567038546,12.963894843132614
34.63768263649334,-3.6844361154898677,12.970905250432015
34.63347456850851,-3.682278902031999,12.972896275135316
34.63016116051925,-3.6813789292572707,12.979263822206253
34.625537517513166,-3.683351433398684,12.987735346459662
34.6189200850868,-3.67868856782901,13.006675916521475
34.611098927972705,-3.6831897639332194,13.007397864568873
34.605681387499295,-3.6884530731912952,13.008273225766734
34.602518040106816,-3.692617976930567,13.014616303972977
34.6000996022624,-3.6953495409051844,13.017733764335732
34.59601572241704,-3.6933430312537454,13.017336968292627
34.58540843096648,-3.6814712514500374,13.005223440168232
34.57780594856757,-3.675802328178198,12.997420865515727
34.577007008628854,-3.6616778253002944,12.990953575668982
34.58163381701974,-3.6439292702199424,12.989174673742239
34.5787275175928,-3.639728424358278,12.98252067070397
34.576543840936964,-3.6437829703337954,12.97768313459449
34.567066083210015,-3.6573590836259338,12.973117337533228
34.56178613566784,-3.666521525673564,12.973045196966726
34.5531982955829,-3.6736530888364975,12.976938363772593
34.544345308466625,-3.676436379091945,12.98034317777053
34.53748306431434,-3.675171923905121,12.982074348155233
34.53397457592795,-3.6807251399737604,12.979696535711284
34.53962351444332,-3.682642373800886,12.975046850325072
34.54713329489754,-3.6874816001672723,12.968873628874032
34.55792661649239,-3.6845746992366464,12.971219558556411
34.56807394433613,-3.686118130413549,12.975532041419218
34.567220506112726,-3.6821188643274936,12.979124981309415
34.57688257774028,-3.679899276155612,12.994057893347348
34.5740630639436,-3.678405339363865,12.995939412698425
34.570725215311725,-3.676789648550468,12.997257507250433
34.57758834029553,-3.6739274387820284,13.006234323386382
34.58150175271841,-3.6754713667920544,13.007362003709678
34.57783059332177,-3.675346853760639,13.006391317787495
34.57184804766768,-3.6790230949410376,13.003869634974473
34.586074440288364,-3.68356372983559,12.995875994466886
34.59612753326346,-3.6874244422035773,12.9916150047214
34.61464918222891,-3.6857201975761047,12.991432410790793
34.61470191602035,-3.6874039066854407,12.988857570743988
34.6216012932344,-3.6856868607872935,12.991581950303505
34.632490684168566,-3.6830633734136327,12.996254322537942
34.63589991788381,-3.682515107918964,12.994376606807018
34.647325879128076,-3.676894346774359,12.996696414004171
34.65133694743633,-3.673448794300348,12.996567575220356
34.64755189338366,-3.6732543390748558,12.994923567008126
34.64654572367073,-3.663660216934511,12.995656466331736
34.64158741279401,-3.6603468739774665,12.99318012846404
34.63617740316892,-3.661165505539449,12.990733125124933
34.630461989180525,-3.6575052648040605,12.98928269777687
34.629577621779674,-3.649645382294528,12.991357419853271
34.62670370348811,-3.660965137108547,12.985895594744267
34.625330588637915,-3.6560573704726966,12.990270678138232
34.626272281777176,-3.658484312924813,12.98954820745748
34.629836877324784,-3.657656938715926,12.99320740504752
34.63877047243675,-3.656944150803358,13.002757047156777
34.64346668957596,-3.657901977819423,13.005744055144758
34.64254255661481,-3.659575525889679,13.002489870297518
34.64257297287308,-3.6632333139896875,13.00312672571762
34.64057060619545,-3.6673449392743422,13.00372377595244
34.63665082066287,-3.670753414355795,13.001574167554518
34.63168760201985,-3.673123816442594,13.001942985678909
34.62801035171739,-3.675907877754188,13.002577021410163
34.62763107834816,-3.676462130736273,13.002827262946926
34.624913155525405,-3.6802410271653074,13.003126808499596
34.630929545445426,-3.68298309547622,13.003375250572919
34.63263105742655,-3.6831204638462642,13.005178287241387
34.63603047733542,-3.684374023557852,13.00540582750186
34.63913463157378,-3.6802810554570335,13.006528558622515
34.63647956224831,-3.6773355785385933,13.010118575024835
34.64723171816264,-3.6738863528195136,13.011094021615333
34.652524802771936,-3.6720533735987937,13.013041861224458
34.65890495253005,-3.6740554454389773,13.015508295863418
34.66443296500334,-3.6782150490700967,13.01840738654308
34.67297799365558,-3.6873385984550087,13.017396456112012
34.67733981019854,-3.700012018949079,13.018382184654525
34.67733981019854,-3.700012018949079,13.018382184654525
34.679539193092886,-3.712263035118097,13.019139194931167
34.68026399793827,-3.7224899037025962,13.019636247237608
34.68042126699807,-3.7307257981032667,13.019482127170576
34.68579699012555,-3.7442671014655704,13.009185184102884
34.68865456097555,-3.7452229130250987,13.002990433628959
34.690588093671906,-3.7433691843634826,12.996648794395115
34.6914158952305,-3.7396423063338067,12.99326035468169
34.689854557746656,-3.7361687715443073,12.991108718321517
34.685895444915815,-3.7320403567809577,12.989730755381819
34.67831820840915,-3.7348308319199393,12.99044776865182
34.67560940922963,-3.73385070120402,12.989347859250072
34.67163788660179,-3.7392344027296915,12.98931527143586
34.66669728147749,-3.7442368974510107,12.988486770134903
34.66334690145627,-3.743953908881696,12.984318320950315
34.66438594195136,-3.753321386973353,12.988981221390317
34.66777849972801,-3.7512383293259344,13.002664019260706
34.670993109440914,-3.744145732623112,13.02078792738902
34.66932965750948,-3.733112177342067,13.036929327611302
34.66541039828234,-3.7223938250866913,13.048166072238873
34.66530863310191,-3.7166437225704536,13.052246227013367
34.65419564800448,-3.707811200794823,13.05263074980253
34.65066653108553,-3.7078459610281342,13.051286493249323
34.6564609601528,-3.7068543365066557,13.04691187512031
34.64109014649481,-3.721821862873439,13.048433226428742
34.65053526219748,-3.7313504118942906,13.043629808824546
34.6574587504157,-3.737859507092986,13.043280248112522
34.66612726442003,-3.7344928320782413,13.047497975911172
34.67472506517667,-3.7279114097323935,13.049652114669861
34.67756695097338,-3.7299471245527513,13.047805275046736
34.68150972077063,-3.7223773918315457,13.051921904958457
34.68290782763417,-3.7291747405636224,13.047428856480943
34.68185975669732,-3.7345739005379146,13.04269250307878
34.67962112089633,-3.7388412213489413,13.039311409488022
34.678553959371044,-3.7448549069447896,13.037020264426763
34.67520259849387,-3.7500677711443178,13.036638902965903
34.673536972603614,-3.755100468511769,13.037861656464623
34.667314379644566,-3.7546602214286136,13.043045690993427
34.66259749177421,-3.756181453046207,13.045909055637706
34.65733449653947,-3.7567285844182803,13.04673028934437
34.64919911106822,-3.7539115490627064,13.050787532563893
34.643359881756965,-3.75445850516693,13.048826947044422
34.63871208383665,-3.755845839186735,13.047439747093035
34.634673130914315,-3.7474968805836033,13.047638751554233
34.624632445033114,-3.7421624228476924,13.04866630176148
34.61852613256588,-3.7396944873628644,13.050398913895188
34.61548557785541,-3.7378923620161353,13.053304892963487
34.61361453111429,-3.7402577834076856,13.055670715458403
34.614524498460305,-3.7437782868233866,13.059751952415608
34.61099667486455,-3.7458738423375806,13.059300607029453
34.60735268856584,-3.7546560453485105,13.057453085791476
34.6119374011436,-3.7655447796608783,13.056232855439763
34.61780149265812,-3.771774853926986,13.05252374387607
34.62459685970209,-3.77399464242959,13.049672805675138
34.63201579213329,-3.776623881386026,13.050162720659602
34.63201579213329,-3.776623881386026,13.050162720659602
34.649165770026016,-3.771199918981076,13.048565985626851
34.65545241078779,-3.7646097602922852,13.049152955493975
34.660582679584074,-3.7582309617394007,13.04673443654145
34.664845278814525,-3.752458301135294,13.045522977329906
34.673268133584166,-3.7469844846310187,13.046394702939727
34.67615922928897,-3.7436665312454926,13.043751474775368
34.679488834234824,-3.7394021944325475,13.044470533379956
34.67968047443277,-3.7348905696238015,13.046799618043087
34.68709747762321,-3.7293307110504474,13.048360651766423
34.69198425657719,-3.728278276778415,13.050327842085078
34.69934610291455,-3.730264787686934,13.054485952645082
34.707205924853795,-3.7312894189321333,13.059383324250861
34.70244452786457,-3.738007864467413,13.05835953991127
34.724685628395555,-3.7365235669067367,13.06492848203998
34.73451448394075,-3.7370473113860734,13.06570850800481
34.726061258897175,-3.741713749700148,13.065361249935217
34.73557852932455,-3.745705972387176,13.063654882435479
34.740672071793504,-3.7463344810744714,13.060083144820169
34.742505217830725,-3.749059954757545,13.054591670334787
34.7447022691041,-3.751200547034269,13.047088847570715
34.74312884301134,-3.754836905529727,13.041888746435461
34.74479994756675,-3.758932991425072,13.036475464808357
34.7423925601285,-3.762637789159675,13.034718576843598
34.743869135899615,-3.7630357497332354,13.033558739306578
34.741922033399504,-3.768511895166947,13.034270506730927
34.73564588072417,-3.772593001881431,13.033719207898256
34.72400661612529,-3.7734461837218225,13.035172567553516
34.71834673702485,-3.775372527747621,13.036904511090942
34.70994019218234,-3.777257672256579,13.040882951786974
34.70682299722908,-3.7756636858013732,13.046971148161495
34.70682299722908,-3.7756636858013732,13.046971148161495
34.705045896411505,-3.7767045218116624,13.048599715413548
34.70651356962267,-3.7740272601597185,13.053271416395607
34.70594145353357,-3.7671035591371007,13.052085072886026
34.70445558763701,-3.7628815598245566,13.051736525834562
34.70411942798598,-3.755752192322485,13.05000338465042
34.70602941510145,-3.7559395050217477,13.050696073944849
34.70673154992254,-3.7489669928706544,13.044603795903667
34.70612694918283,-3.7526175355635396,13.044564226392145
34.70284740873592,-3.756432719364025,13.046141471371191
34.69774830078038,-3.762696291645866,13.05009827742791
34.689146453077,-3.771692514710251,13.057459421129975
34.681849503432126,-3.7822097434164146,13.063886225661346
34.67724729782883,-3.7963024267899828,13.07097373585431
34.67397140791691,-3.809288848834602,13.080528615778542
34.674178467168105,-3.8208480842158323,13.087931753609213
34.67408466183169,-3.8300627869037376,13.095374894519226
34.67264817825843,-3.8380700629589195,13.102234375899558
34.674115462340026,-3.8344304755997163,13.103822579906284
34.671369880877315,-3.837783081272538,13.108394593246686
34.67098913209065,-3.8297374130048154,13.107346180747603
34.67007718407097,-3.828142949002835,13.105132877597413
34.66105650867981,-3.8167144952840926,13.094136375570272
34.65545744994341,-3.7930493870250976,13.065374119120506
34.650989743005766,-3.7817530893066214,13.044946216945043
34.64802749210931,-3.781368596550748,13.041935634135069
34.64710404502661,-3.767109452770776,13.024008427505073
34.64904756806005,-3.7551267201293697,13.016515443509766
34.65893078518427,-3.7350061887208024,13.034607873347111
34.67311015465306,-3.7164840315411927,13.067223640404773
34.67798045736713,-3.7136743439280813,13.079075206004228
34.68108775370587,-3.714949141251741,13.08766716761522
34.67335687869563,-3.7178115652394186,13.093194066317805
34.667262753115196,-3.7245332877779442,13.093731449457485
34.655303751025,-3.736850939315895,13.09197141148979
34.65587705167495,-3.738617915492817,13.088404179300133
34.65535315516252,-3.745880212108484,13.083855887066372
34.657671147394495,-3.7508614928576756,13.078554988845909
34.659114425306306,-3.7597894520597945,13.077694081178205
34.666548191062226,-3.7628608012708624,13.074279971994763
34.675425644945406,-3.7516368274952945,13.06999657818119
34.676735426817636,-3.749649266501025,13.069610737875974
34.681776271257476,-3.756539440844623,13.070882474486575
34.68576080659244,-3.780703837433865,13.079390330054968
34.68281784587765,-3.8086456506495603,13.086596725222394
34.68670020512719,-3.8220488876473913,13.089645120634009
34.69952187830268,-3.819177290561806,13.092358539769247
34.72938471231462,-3.8224100738183378,13.101036167540043
34.7404529035273,-3.830398612438462,13.102817287098816
34.749442060258495,-3.833393529586728,13.100104407818689
34.754279995431965,-3.8333620718897743,13.096576770370316
34.757529246182436,-3.830729735547847,13.094352038278414
34.75427467197195,-3.830230510732539,13.093132465901636
34.746695046604046,-3.8299801641095867,13.092906150171634
34.74284870167015,-3.8227173254563103,13.094675116792525
34.73821423689892,-3.824975112116913,13.095371194327532
34.72670186001607,-3.8194146659049886,13.096515050648131
34.72626340714218,-3.819311132783644,13.093915423322857
34.72243351948425,-3.8251782458693273,13.093369242502549
34.719105472037214,-3.8334815669015723,13.095027968290616
34.71577033933946,-3.851488655019991,13.096343077476241
34.71637734676598,-3.8533289920638265,13.096042121115646
34.715822243892255,-3.882674967995101,13.106519237636391
34.71806759706588,-3.899050884851376,13.110359065618908
34.716820381455804,-3.915465151908576,13.115151265486304
34.71223515349623,-3.932718270282844,13.12238978578441
34.7072354115475,-3.948324748990295,13.12927220316767
34.7072354115475,-3.948324748990295,13.12927220316767
34.69213494337999,-3.968412732646382,13.139405589307966
34.68635147192814,-3.973060903875316,13.14128556329775
34.68084770149408,-3.9725631954379246,13.140422073634534
34.67741648732527,-3.9665774219089083,13.13389458639065
34.67599163154858,-3.958034618904716,13.126387415789573
34.67853552150971,-3.9570212960421975,13.127035083687012
34.68118856199617,-3.9556586625213104,13.12705392197349
34.68075599686794,-3.941259705158972,13.113505099554786
34.678697878299076,-3.9322197839416986,13.110259620143411
34.667308314855475,-3.9238533111966696,13.109916702854823
34.658772459937175,-3.923572199749737,13.112478041143861
34.64723785055792,-3.922577006983884,13.114966552275757
34.637796204278374,-3.9184328292157375,13.119376310030113
34.62396954329472,-3.9140245760411427,13.120806777906862
34.609365353411675,-3.908767477539366,13.120980347840606
34.59987010560264,-3.9020378775428224,13.117987434577865
34.59005281835327,-3.895862915717097,13.110088488450648
34.585493415154396,-3.8865860801159835,13.101720895822393
34.585267174029696,-3.887981533077039,13.100669221605399
34.58448199576325,-3.8780774136412806,13.092794787390133
34.58412548916711,-3.862117477297127,13.080029850725033
34.58151846267805,-3.854601625119743,13.07609205938937
34.57612931399632,-3.8453205874053045,13.07267544295709
34.57235762791886,-3.8448479965552806,13.069880652929543
34.572994854869584,-3.843685855611199,13.068575603711912
34.57176984502151,-3.8466537663744838,13.071081638341727
34.56850234095634,-3.8569153494778257,13.070628769169279
34.5805009895627,-3.879185743821511,13.09334980040843
34.5870261108089,-3.8901066152349193,13.107752133807757
34.59472199111336,-3.9000759508966447,13.120133534620189
34.599339429629296,-3.9053000597748886,13.13199843326181
34.60313700688623,-3.902915341827632,13.140058959671384
34.609327837396485,-3.903015909232393,13.143732642831573
34.61437279506447,-3.8984359696921747,13.143423823499036
34.614593246192314,-3.8982708143157265,13.140694883048203
34.616835416775956,-3.899365045502333,13.138735077745894
34.61647066082122,-3.9013380261472737,13.132800568416696
34.61538076298462,-3.902441018723055,13.131449979677507
34.61422556958806,-3.901474882214434,13.132837004200642
34.614185966620354,-3.9022490647392987,13.132426662910262
34.61203961837727,-3.9007980590284097,13.132295533395904
34.61054428675316,-3.8978166242664765,13.129755333103127
34.609716802565856,-3.8996744304863156,13.13282165622612
34.60650974895422,-3.8930372707547787,13.124245366719828
34.60364946125135,-3.8923521868620146,13.119105490239397
34.59869558702777,-3.887801139997859,13.115805247605545
34.59258369453441,-3.886001387742593,13.11119415173728
34.585588371764445,-3.884521769215599,13.10513678700551
34.585588371764445,-3.884521769215599,13.10513678700551
34.570772663646814,-3.878685506095539,13.095610727413893
34.55654297804609,-3.876309911099988,13.090714571468705
34.54012304998462,-3.874299556223458,13.085133182206055
34.52289680297252,-3.8699655753971522,13.078094492239508
34.50306280972211,-3.8705596353800553,13.070611944674942
34.48115861205102,-3.8748040528010006,13.062950209219622
34.47984423810659,-3.879473258305533,13.063164728354929
34.476365612732224,-3.887112749864459,13.06094296971742
34.46350907283603,-3.8880679200745503,13.04729670691344
34.449379825689356,-3.8968217171552726,13.022178391438159
34.446353817800684,-3.9010953493112783,13.019089101002981
34.44359312235544,-3.9021286984503973,13.023493815158888
34.441682790530685,-3.9014308421719672,13.026786286583262
34.43999340329005,-3.8982435379278604,13.027639619707651
34.441471486245504,-3.9050621881609047,13.023775484408064
34.441387372169785,-3.909888906317912,13.0246209006136
34.445766168350445,-3.915169062033658,13.021573032792427
34.44167464031316,-3.928595766344754,13.021334129736237
34.44167464031316,-3.928595766344754,13.021334129736237
34.44440926271674,-3.935884517631146,13.022590634124581
34.4484180649568,-3.935509097249441,13.022385972717126
34.45657826051893,-3.930080472349871,13.028665675465026
34.462179465518254,-3.930021673606334,13.02620131893602
34.473530779124815,-3.9247279575206933,13.03266798436945
34.476822325024315,-3.9234258538636344,13.036029530460722
34.48353706276171,-3.932599407105739,13.03935181863178
34.48735694704117,-3.9363242903113913,13.043026965091086
34.49012951416518,-3.9425637014504873,13.047071630345783
34.494463533664714,-3.9500789733535577,13.049696035258938
34.49641521609334,-3.959186206437027,13.046655489893261
34.499259400337934,-3.966638659341704,13.043136985606681
34.4986944377234,-3.9605671641123323,13.045649623639777
34.49601061250177,-3.9725773612079047,13.038088994190122
34.49010207804319,-3.9751001340559733,13.033102191817374
34.48340855090047,-3.979524012896241,13.026573528460117
34.47610006794466,-3.9811510837366546,13.021432773669561
34.47440241549132,-3.975110321724591,13.029045906800024
34.456136712744424,-3.9667506377786728,13.02433062437029
34.448036214727914,-3.9592804434397384,13.023781551111648
34.449195462020974,-3.9568862193364556,13.02721368978954
34.44320758409971,-3.951757298984363,13.018384200225256
34.4445963980495,-3.9509052507833267,13.02031301087108
34.44421550425462,-3.9528671042920385,13.016870078817778
34.448724288134095,-3.9503140947484474,13.016079122207977
34.45313601024243,-3.9493578182898625,13.012304942920503
34.46055964411193,-3.947395474313258,13.006622475408582
34.4634647216861,-3.9476584025336314,12.998834127562509
34.46493453584918,-3.94820419258244,12.992259800741415
34.46392751160084,-3.9452633743996617,12.98736036746162
34.46637192233833,-3.9464972252992725,12.981966851095843
34.467972553364575,-3.941597445469673,12.972795779800348
34.47280866999851,-3.9385210287272416,12.96633897754761
34.47312421234704,-3.9326719546969073,12.959203219909643
34.476037550519,-3.9329354106125733,12.95864992498625
34.47500927474494,-3.935571109488613,12.96227582757236
34.48018603252859,-3.939171628759747,12.950612971255154
34.48134724095246,-3.938262949331129,12.9510913559389
34.482573360300094,-3.938448468549346,12.951181477204823
34.486688449844905,-3.935592402034996,12.96061410212287
34.488473567600245,-3.9376885349314894,12.95510770437976
34.49231029174039,-3.933075572337539,12.95706050616165
34.49095164690964,-3.9356611493969407,12.950632910945098
34.493035432655745,-3.929345238104252,12.948234140530237
34.49227430920556,-3.9298495412347085,12.945401609224938
34.489344222582766,-3.9305435241024305,12.941411239189254
34.48807983320271,-3.931442855030181,12.939730960647342
34.48934398681379,-3.929826948127507,12.941398072261073
34.48764571644261,-3.9313133509911915,12.939075804932632
34.48844452797149,-3.9317163585585613,12.937753045857242
34.488658850266134,-3.9335736270018185,12.935344066751467
34.486272086533795,-3.9392211121975858,12.931413259837399
34.48676496926355,-3.9424278462813667,12.92928410822499
34.489739019326834,-3.950295349076771,12.925784495539865
34.49390096853497,-3.956116869751551,12.923435253255464
34.496215968002794,-3.964847111894675,12.920911575257204
34.50006497254771,-3.9716904503785253,12.91739180617489
34.5000796104504,-3.9810257708568795,12.911385853748548
34.504582370584814,-3.9880361543571796,12.905591518297753
34.507855682702996,-3.9915907282675676,12.90217915747817
34.51263128078859,-3.9961625140707837,12.898305637131566
34.5156145054892,-3.99761426671606,12.893538585856424
34.51845756147532,-3.9993064446580675,12.888273787963241
34.520981092350226,-4.000765745812697,12.884130423020752
34.5246364455607,-4.001688536744951,12.879680893922545
34.5277170126514,-4.003094701980071,12.880607393415195
34.53003225040221,-4.001185285614939,12.880691425162425
34.532942953779006,-4.001929791316661,12.881952687119727
34.5369868580718,-4.003357537306265,12.882049856773822
34.536197268274734,-3.999411326756491,12.887867893577424
34.53310445738203,-3.9981769814453547,12.890256872179242
34.53476298302781,-3.9969909615106736,12.894463232224815
34.53586970053474,-3.987120637645228,12.897442091454787
34.53784849312025,-3.9866315855970798,12.899030719917528
34.53697508353848,-3.9850238030497236,12.896104962752375
34.53867331622266,-3.9803029478450442,12.902741977593642
34.52876919931369,-3.985294950983253,12.900236864572625
34.521578241340336,-3.98890584459584,12.901379247864156
34.5118503025065,-3.9935017067874234,12.902906009494364
34.510235921149786,-3.996433980214738,12.905786978320085
34.50616208429002,-4.001658664505017,12.905805115795284
34.505284484043905,-4.003521070080657,12.906544911908574
34.50328493757012,-4.006261718518883,12.906092577732903
34.500986063724696,-4.003017474927856,12.904786260841773
34.50102782135337,-3.994024198566598,12.905018367670065
34.50230027218111,-3.9925218046558824,12.903952479860555
34.50156769478042,-3.9897803302953125,12.900388250977004
34.498827044047616,-3.9904212593801036,12.897832145579219
34.49365483481672,-3.993646112278283,12.894648478193565
34.49272252376387,-4.00340560802367,12.891264552141365
34.48741736353741,-4.002379465084061,12.89275920017595
34.49014492208825,-4.008789745121751,12.896646634118083
34.4877464676834,-4.009412255286505,12.908262087628106
34.497542524897796,-4.0035170100797055,12.930871630628417
34.4908201093003,-4.002487565618005,12.940450965846503
34.48873274723819,-4.0008681946561575,12.947867367627719
34.490119691885226,-3.9900403653865353,12.940202049629905
34.49149575028137,-3.9853694285850003,12.932756709783158
34.48936064912511,-3.981287330221631,12.930426595996142
34.493067643994394,-3.9782421889040602,12.922244529076165
34.49491962519836,-3.977799538166499,12.926216378130379
34.50177227818554,-3.9772153710268046,12.9259984625078
34.509106566480874,-3.9674717844462637,12.937243142132244
34.51193871740021,-3.9584653725171437,12.94273155916171
34.51514752877331,-3.945433165454532,12.94981215694623
34.51813318253525,-3.9447617852502552,12.951206520725368
34.51997888201041,-3.9497901727612854,12.950879859991476
34.5191783914786,-3.953821269444128,12.947870104725522
34.51704821852039,-3.9647332140819858,12.938821818274462
34.5159395202609,-3.968638290590606,12.934980636631382
34.51619215952308,-3.9752227857882922,12.931389020938488
34.51548617894417,-3.984645832581231,12.924723517294684
34.51558547567922,-3.9801822552106225,12.927315229546359
34.512714131304044,-3.9797752000298754,12.928744189842837
34.51064318629648,-3.9755229162352212,12.931881163845937
34.50915179167845,-3.9811505990917984,12.932802468958508
34.49529165009176,-3.991735614903376,12.941249917744178
34.4836376708676,-3.9965457814321925,12.950323374616074
34.4679692043926,-4.004804999643088,12.977502946263872
34.46734251871055,-3.9978066697624843,12.987320013571193
34.473582970315285,-3.990600088214223,12.995031541001106
34.47563678548489,-3.9882200054942336,13.001152589677746
34.47408466207262,-3.989880952965315,13.001232599802327
34.47881683552753,-3.989183989523035,13.002300328187408
34.48163003611726,-3.989124120719737,12.998808067275295
34.48662244172917,-3.992675891789288,12.994143563757516
34.49743814219956,-3.9939349541484552,12.98969010101546
34.50404867343186,-3.9986790567219854,12.974330727318257
34.51064917472493,-4.001945750211617,12.965069791762831
34.511534871335165,-4.013868384314495,12.949845833434567
34.50741953993418,-4.030879750335411,12.932899855080647
34.49880294015231,-4.053844750652696,12.91897800134839
34.48170286363867,-4.0810145244533045,12.909079325453904
34.46432899859904,-4.11111080808359,12.900095614451772
34.44782656753545,-4.151451471290123,12.90209525603356
34.4314777153236,-4.193603433343264,12.903681754430155
34.41397565646141,-4.214686648081269,12.909027156444163
34.409725903938124,-4.221605085303624,12.912727275852209
34.421260037576715,-4.233186872674888,12.91980777855985
34.42805581810384,-4.245711617942949,12.920629106225112
34.42615240582007,-4.246747944562328,12.923314280766503
34.45764887786432,-4.260419005319763,12.913784918318207
34.47095721961235,-4.2624608928130945,12.913678977047187
34.48241362299223,-4.26374441183281,12.90564290207755
34.490167506730494,-4.261942988646476,12.897891111010436
34.495682825164955,-4.2564563218734275,12.892335401148308
34.49724438432987,-4.2559694572273346,12.884524102037679
34.499727778879986,-4.265582083844103,12.871703971137824
34.4941309119688,-4.278735530350088,12.861389891737037
34.48714900291437,-4.294485865092311,12.847692712375217
34.47449251669533,-4.307603022533975,12.835716718632918
34.44825354753486,-4.324151173063738,12.817575480882638
34.43102636763977,-4.340254638307576,12.805916316618315
34.43102636763977,-4.340254638307576,12.805916316618315
34.41774170782267,-4.3575189021880405,12.794547350555199
34.41211036810395,-4.3527922853237495,12.800707703034554
34.40734069132255,-4.364791737162829,12.794204045796553
34.396830150350574,-4.383525451009144,12.78806523931206
34.392767698390394,-4.390439643102418,12.792772995823794
34.387925471464904,-4.396866040361473,12.800322974860512
34.38517440185479,-4.40401828894491,12.813203510818976
34.37277703181418,-4.406962086208149,12.831095371565395
34.36914410293097,-4.402828995879703,12.84267025417193
34.37231151669131,-4.40553281308636,12.844760159822167
34.363912649125105,-4.382807062786553,12.854474936334174
34.37254752169592,-4.385582931712724,12.859719132209166
34.37785865877239,-4.384820161509287,12.86151853337397
34.381681007678935,-4.370586500874778,12.860242385869682
34.384142912985894,-4.355367327772836,12.856169841559558
34.38045559794468,-4.333123056992836,12.842810740604481
34.37991768980521,-4.3300256716457035,12.840677521994309
34.3832943889928,-4.328615115308903,12.837538734529385
34.378586098911185,-4.333890541061406,12.840664901241716
34.37900494476451,-4.33419850931906,12.838885601241353
34.373880712533534,-4.340444178182749,12.8437529696015
34.36692802041841,-4.352843225500899,12.849079250418365
34.36009786785852,-4.363860674812439,12.854471235350038
34.3615235886458,-4.361833231112822,12.855830563089663
34.35349424007277,-4.367508294925993,12.865505841539045
34.344791820769274,-4.373732028364448,12.873028089280183
34.334128741047145,-4.384818386829238,12.877892327637612
34.32202796218995,-4.383499150535781,12.884603713936306
34.31116380649159,-4.392160720917066,12.887737505379576
34.30522587028264,-4.388434837712708,12.885623180634218
34.28258769817071,-4.403343536069967,12.884902484454997
34.27139499923651,-4.418874805533339,12.881597740964326
34.26992021686726,-4.418865609038356,12.88088421325049
34.268393017766265,-4.413492190900425,12.885228538430221
34.2673036811175,-4.416659280920686,12.888142707243807
34.26754956821376,-4.42271586303863,12.892331499215352
34.27019170820131,-4.421628124858149,12.904427392986065
34.285269470401495,-4.401366781278946,12.92674882252195
34.29269626789128,-4.388328895700569,12.933464455286574
34.31469166650201,-4.3636590187835145,12.925656391859663
34.33638864436371,-4.341408165429254,12.902748898905372
34.34587556787648,-4.330013461330664,12.892000177118812
34.343791505663745,-4.3417526968931845,12.890094773753566
34.34524406689971,-4.342399198037039,12.889409563954116
34.347940546688136,-4.3388020451482845,12.889392145417911
34.35108602734808,-4.333058302462268,12.890882091308624
34.36920125564207,-4.304769612118424,12.87924386909468
34.38776456948644,-4.291347821097539,12.880692600144435
34.39694753223266,-4.284714236422769,12.886604947892156
34.406899239461644,-4.284827624706272,12.892299462033142
34.41488912403346,-4.286415448276344,12.892620123456782
34.42381414915706,-4.295142188454266,12.896003710328857
34.434754571289005,-4.304214059703243,12.89526618221443
34.43900463287351,-4.309172901774827,12.895818176739215
34.44339215145781,-4.313191501655158,12.892668261776675
34.44671884859712,-4.314826920344447,12.889236694997654
34.44339392976557,-4.31259779521419,12.888116864555212
34.43846604720375,-4.311412529041427,12.884186568602367
34.44242288228783,-4.304882004389779,12.882683465881046
34.44593266096192,-4.301137281561483,12.881829957173116
34.44282987067701,-4.298030246044157,12.87722281645426
34.4443683366631,-4.296808896730102,12.878252163504655
34.44559214465353,-4.295656591709717,12.884971654180076
34.44354867168389,-4.292327547787165,12.89869618516937
34.43628996030885,-4.294649453876551,12.92477886828051
34.43628996030885,-4.294649453876551,12.92477886828051
34.43548099685778,-4.304022818162947,12.934604707068548
34.437345203246586,-4.305506667139235,12.929666065361175
34.435946607482535,-4.315834876332431,12.948861892429964
34.44002301747571,-4.306773004992631,12.956447545192853
34.447333970616775,-4.296856661045745,12.949926561361078
34.45626059225909,-4.28193389570254,12.941301185692526
34.46556556115215,-4.262541100293714,12.93226525419401
34.47366013142527,-4.237284648581728,12.923456071409062
34.47727073441075,-4.2130111737507665,12.914869798457314
34.476435556530426,-4.194151676649366,12.907169247706982
34.46994488942174,-4.174866269222859,12.903248621959177
34.462441393108676,-4.160080281703949,12.900134518518204
34.45606736337755,-4.145582843507739,12.903040553249697
34.44816355778986,-4.147064547722243,12.900041104633273
34.440265046732705,-4.128521475160469,12.913710289865168
34.43335081232365,-4.125582168777899,12.918344441125964
34.435253047736644,-4.124140186020575,12.924815248482785
34.439526735037006,-4.123196638491635,12.930295378240423
34.446330427112855,-4.122234125018574,12.938347342914925
34.45442201022543,-4.120568179468121,12.945113054990872
34.46183550620988,-4.118677210011958,12.951620722023497
34.468170412835065,-4.1166689081429935,12.9548941381595
34.471569707152504,-4.114252799159851,12.956922770208871
34.4729082772209,-4.116975552191896,12.95520964070215
34.473558390568975,-4.1160132347644085,12.952998431410926
34.46782062449476,-4.122170275835237,12.953600605347436
34.46590600804506,-4.126482827980091,12.950564976166506
34.470640696405226,-4.1287108524430405,12.945798277396182
34.471000114453865,-4.134293809440734,12.945429427790229
34.47589254629363,-4.135877484181289,12.944879393001997
34.4746939902671,-4.141653903344111,12.952683913560497
34.4746939902671,-4.141653903344111,12.952683913560497
34.48106065535414,-4.145772419449155,12.957131336326036
34.485179528316024,-4.151583400431576,12.964085591540938
34.49578573478942,-4.153143785372822,12.962725199196479
34.511323676911175,-4.154636720118502,12.952200860115168
34.51291721914719,-4.1529317961147525,12.941485997580013
34.512669610924135,-4.152557341158412,12.926664344689229
34.51125657295822,-4.15364493855879,12.910763874542363
34.49704988589766,-4.158706325727062,12.891585580477763
34.49777852505376,-4.156672748892863,12.884906055185038
34.49192929471985,-4.1579847315778435,12.87505309439967
34.486000714933176,-4.157506220860904,12.86998965542392
34.481886308230116,-4.163603896188422,12.867883562602175
34.47963175421723,-4.145921769665327,12.864207361109372
34.47754481850725,-4.140041007463878,12.86234336873429
34.47946782720555,-4.131846179520551,12.86135850374601
34.48314575725848,-4.126670380055965,12.864084512150832
34.48838784835322,-4.119061173873368,12.865319771505726
34.48590105553721,-4.120815517270212,12.864545337120116
34.49158109972294,-4.119450434576678,12.862595581239315
34.49724851898088,-4.11646178438496,12.866823249852082
34.49436170679328,-4.122646339477805,12.863890765180773
34.49889416091525,-4.120356942136561,12.86653185449562
34.49782772309251,-4.125306083428277,12.864877848986312
34.50021233166167,-4.126351173328344,12.864425171328573
34.502122328158066,-4.128791536904984,12.864479989409892
34.500420423102746,-4.127178534031298,12.863619343840655
34.49730848366505,-4.128568256573218,12.861733251471698
34.49361694975774,-4.132176371250883,12.857999877294958
34.489843037406814,-4.1355649507638095,12.850799331534423
34.48580560889284,-4.13905401753984,12.845478397273796
34.481013481669414,-4.145781302028328,12.837692429517853
34.467875806053605,-4.156168738434911,12.81917080836145
34.464187819624726,-4.159639805802911,12.813189321360198
34.4592733136865,-4.165445579562862,12.80670717782298
34.459110015162885,-4.169105666741452,12.80587623439876
34.451352537645185,-4.18168541472964,12.800971912103634
34.451352537645185,-4.18168541472964,12.800971912103634
34.44830865352996,-4.183893507225084,12.809624152553557
34.445607973123884,-4.182131050851216,12.818897560769633
34.43664181236664,-4.187103059121539,12.830295615579526
34.424597857794865,-4.195833727945971,12.833550584149739
34.418923283439696,-4.2002110554011285,12.833550668323626
34.40470129888012,-4.213272550611397,12.832172196682274
34.39639386076833,-4.224465554968537,12.831415089205692
34.389505680900605,-4.235996026231292,12.828134050086579
34.38665263349366,-4.24941598073357,12.825814233795683
34.38729278006742,-4.260078091905937,12.822863259313793
34.39214348836908,-4.2623129429104685,12.819553443169589
34.398078159374165,-4.247757986359115,12.82629524230819
34.413741847075045,-4.252629306554103,12.81820389907702
34.41867165091421,-4.246434050335674,12.820208322773784
34.433769213062675,-4.243341098431598,12.820791469528254
34.44755526386011,-4.257686379384755,12.81401341607946
34.454861812006406,-4.2661813387281855,12.811803911878993
34.45436763674128,-4.2636413610834465,12.812046045338263
34.4579556592455,-4.27710656530237,12.816926572286363
34.45488002979216,-4.280783236723092,12.819282547626788
34.44896722070414,-4.283662963941765,12.822127889661147
34.44196285154926,-4.284424988547972,12.82429989838756
34.436119870245605,-4.282404377126081,12.824276425471684
34.4305944092002,-4.279601302991713,12.823468310591432
34.42929207101789,-4.2766951928846355,12.824942735575956
34.42701435817549,-4.271410013008435,12.828503561104528
34.42255334800819,-4.265913275704435,12.826172297456383
34.423299658942646,-4.263146355060139,12.829478347784203
34.42487381725844,-4.261124248560177,12.835937117581144
34.42959800976933,-4.261452608191703,12.841221365962111
34.43161703715738,-4.2627602013284625,12.83840013376927
34.43617100383503,-4.266553870357183,12.843844955121206
34.440682573960906,-4.27218435978582,12.847107461082341
34.441982777927336,-4.2818571854598515,12.855905540606365
34.4447501736449,-4.281966705397464,12.850777645963362
34.442061747769806,-4.284234054124071,12.857502753117906
34.44419560248572,-4.283783273354869,12.850085670560052
34.440723849086986,-4.284386404177156,12.854676321745732
34.43184339715612,-4.284100363692908,12.856094076744256
34.43625614129471,-4.2836126875874205,12.84420503915856
34.43079354336566,-4.281792003097224,12.843186661276063
34.423007084614056,-4.279264022929844,12.845956773681406
34.418753275879155,-4.276015762531275,12.84199242905785
34.40561963264052,-4.267597880868006,12.85130206068923
34.39905475854761,-4.265692928632202,12.856517465069391
34.39810588355945,-4.266960375461584,12.85344177583963
34.39612285243764,-4.268553825487312,12.851307485133077
34.38792851520736,-4.2630365825301,12.866594056621105
34.3836470184694,-4.2601235166788864,12.870771621448435
34.38264597680691,-4.260363074484621,12.874449243171748
34.38241291677656,-4.262097869687754,12.87438849515599
34.382153920572584,-4.260889355311207,12.877721347449222
34.38347336988779,-4.25929571928491,12.882053907328679
34.38419814360882,-4.260812829637479,12.881599642907045
34.38501250653111,-4.261017714473357,12.888035354158179
34.38532607712681,-4.262456790597633,12.891394126201945
34.38798205637544,-4.269597669393734,12.896048136419546
34.385447533269236,-4.274620966322447,12.89678029471427
34.38167491346498,-4.279428872960804,12.892016884804711
34.38256524201043,-4.2809961598658814,12.880972060396482
34.37991231412884,-4.282985404193372,12.877918920475985
34.38236732627539,-4.281039559371276,12.870351524739998
34.38379491185356,-4.279194800032253,12.871921790200668
34.39077521588746,-4.278628952756232,12.867315213719644
34.405499799686595,-4.274890028009375,12.862996727971847
34.4180175189269,-4.274484974050529,12.864819803465146
34.42320533319287,-4.270126423584597,12.869327290240625
34.42315019263476,-4.268578290609077,12.871926626239508
34.42587911270839,-4.263030270819739,12.875259388704004
34.42374493669861,-4.262694362000002,12.877588091586075
34.419934004960716,-4.26165572981773,12.880666242282391
34.41776839359568,-4.26016401988058,12.883558738820142
34.41669427748958,-4.26106450015385,12.885477071723177
34.41522848916807,-4.263907260844407,12.887935531165445
34.41621742549804,-4.26297425342397,12.8911402623612
34.41760428242253,-4.263499669284028,12.89084571933989
34.41749401477669,-4.262627386245818,12.888356483048447
34.42415359414808,-4.258680551957237,12.888403411107362
34.421752049083445,-4.262648850835783,12.884489500082509
34.42669808602046,-4.2611935322568435,12.880701559192515
34.430263612045096,-4.262334374178169,12.87985173613626
