2023-07-13 14:58:07.376
39.65962058805214,-4.970964902726928,12.7500584258595
39.69276144624966,-4.973484935758455,12.779672175420536
39.73034440904929,-4.974336465462082,12.812524178854954
39.80327159216722,-4.987325918047316,12.863948091110325
39.839870716000604,-4.9896996005188505,12.89534321448281
39.87185350175529,-4.994899008520072,12.919091591166803
39.900236665673205,-5.001288983697013,12.935977756817215
39.92264256350633,-5.007150148989696,12.944862973898843
39.937461665427584,-5.007526664728786,12.948228620856156
39.9455689271026,-5.013532384847616,12.944227124608311
39.94884699144441,-5.009697680473534,12.937287577389647
39.94433024916372,-5.013802829863014,12.935924712160135
39.93303130405457,-5.000740988093044,12.905475093898378
39.92375195357567,-4.995009506036865,12.884158044756477
39.91423183349135,-4.987541004222522,12.861996908869525
39.909421257466704,-4.9855730954072985,12.8674365417578
39.9057231240069,-4.976159977600475,12.84650764909734
39.902163436893446,-4.969033633679964,12.830467914715063
39.90133943901264,-4.968021684149838,12.802089893930473
39.90374613363196,-4.969855550504203,12.796195057846438
39.907883240844185,-4.97412057172982,12.795760446049304
39.90963748306738,-4.984396724131132,12.800354423200197
39.91024557780365,-4.995919826326925,12.810192273095645
39.9072642576842,-4.99727459833132,12.81488942802677
39.90581221162382,-5.000692925137439,12.818838367921888
39.903515398838394,-5.0079264850203264,12.833168403982784
39.90985336512411,-5.040131256359833,12.86015306958136
39.91503016176602,-5.0603421989247845,12.884046527212263
39.930110774138676,-5.106661117320145,12.929559438695277
39.930110774138676,-5.106661117320145,12.929559438695277
39.94110206632079,-5.150417782367808,12.946650433786738
39.95264059953012,-5.175549873676455,12.962704678142513
39.96407230955703,-5.1982273547317615,12.974757821087785
39.96988880167822,-5.220230576651789,12.970114707169795
39.99032667798406,-5.23626650202595,12.986569265175339
40.006052007033595,-5.252551271953698,12.989985886975148
40.0318762856739,-5.263557458283781,12.986528837568915
40.04163726867058,-5.2803344923940365,12.977598133059956
40.045336562125215,-5.279418446681417,12.972239811304824
40.046006476144775,-5.276789015717922,12.964293894826094
40.04099455508627,-5.272919308919458,12.956679832473961
40.03455720334559,-5.2729249522918495,12.946997714889731
40.025232068945144,-5.267873167078853,12.937502994569886
40.025308264759325,-5.2687874132056445,12.933082346540168
40.015078672692205,-5.25989209517676,12.926234810890001
39.99287689322408,-5.241822705490419,12.923365015109221
39.98199500399929,-5.228784251333798,12.925309256212774
39.970646002667,-5.220957660886311,12.930059088544875
39.96286603373713,-5.205454091750652,12.943902697766235
39.962639524189285,-5.205071515188112,12.954214927651245
39.95139641137816,-5.1966763933679685,12.973295796394261
39.93074146617595,-5.1877256716951035,12.995999326977776
39.930032512420524,-5.18775515530698,13.00718233335911
39.9188338658965,-5.18446378815992,13.011375432544085
39.90411816802698,-5.18395413770277,13.022162560968198
39.886818180366966,-5.185311646073646,13.028353938660542
39.86739898675801,-5.187644575271459,13.027335418437007
39.84711654301,-5.195734072369536,13.026758732108329
39.803447452880484,-5.221169108841505,13.026150366640778
39.781964754000384,-5.23609580527727,13.026762969613035
39.78153916813152,-5.236543525658134,13.026511810672805
39.73786951552946,-5.265244972677234,13.023517035283133
39.71775133159383,-5.277898719656842,13.016980940606322
39.696132942058696,-5.287564886681307,13.00586212122392
39.678381287734204,-5.29501717711007,12.993970270380842
39.659047449261514,-5.300554941039394,12.986282779297051
39.66355490404446,-5.287475853643312,12.982762674853209
39.630000599400546,-5.284904037395516,12.9735076445186
39.61631284212378,-5.274626863996686,12.97741917250334
39.604959061956365,-5.259038515398013,12.990457447955587
39.59658126208579,-5.240340204030319,13.00466796100237
39.58952689292489,-5.228295511882777,13.017267857677217
39.58252592105675,-5.208225578978567,13.033966237266439
39.57252669242769,-5.1838702531328344,13.050609128546386
39.567504099634775,-5.1727913028583465,13.063422974599913
39.56434430476788,-5.161984775667765,13.074275235380878
39.56587622032258,-5.150208093065797,13.083562576448502
39.56640015951993,-5.134520500473175,13.090317872705663
39.56933433351321,-5.131024717121307,13.090654176281571
39.58092863050775,-5.112615589470287,13.089118139039906
39.589312905269864,-5.1043647745624074,13.079963473952194
39.59532498206457,-5.095859924990235,13.069966518301303
39.598832172067794,-5.088178241207299,13.065944202000406
39.60825306302187,-5.080610077625645,13.049043886716417
39.60825306302187,-5.080610077625645,13.049043886716417
39.6121586776483,-5.075043670463682,13.046605828638297
39.61567293263368,-5.083518969396637,13.034436309359819
39.615145352638116,-5.088340330416442,13.03014565369456
39.60887593673132,-5.102184673497158,13.028192683227221
39.60782199008203,-5.099806062479767,13.025014709775416
39.60536945868862,-5.110620666553217,13.02718713129032
39.59567917459471,-5.134437674809252,13.029434492315291
39.5921674203677,-5.128999182248045,13.020822495955288
39.581995704991805,-5.149679674495868,13.024759881307395
39.565752104972916,-5.178825529587335,13.037014430468664
39.52715129770299,-5.227741323617703,13.080275363337377
39.52715129770299,-5.227741323617703,13.080275363337377
39.5098791647271,-5.244364934345883,13.102601706775664
39.49348342801968,-5.248079479374109,13.113816192006597
39.48056369635354,-5.2530636171267435,13.120143623471796
39.47296382157618,-5.254161114428107,13.121417181305029
39.465947336711345,-5.252765703635686,13.115565455041342
39.46132196083926,-5.24713702192268,13.108471130194209
39.459129210218435,-5.222204331138965,13.084656892176875
39.45984746112936,-5.209196550013075,13.06747064533243
39.460486172908695,-5.198265818108883,13.051173928933498
39.45756335141381,-5.18201577826014,13.03033030308672
39.45773240048952,-5.180683777508817,13.024786988468787
39.4525993327686,-5.179176019761456,13.027737747347922
39.45754268567956,-5.179484868213367,13.024851810835852
39.44314067940581,-5.182987671813338,13.039399930592456
39.44312807729457,-5.182896528961925,13.048867747265266
39.436675460049806,-5.189230689065687,13.059653011356747
39.42823840640817,-5.193558133222398,13.069437266979337
39.42823840640817,-5.193558133222398,13.069437266979337
39.4244128873842,-5.201056007617056,13.080159833907945
39.42743080800741,-5.202571903123254,13.083139370059389
39.41259025423711,-5.203059628854402,13.094984005570183
39.4066190563359,-5.200193654914968,13.100560160195938
39.409261525512896,-5.198077102218892,13.103171357110334
39.39705548425319,-5.1955350410151215,13.101765841735356
39.372098930623906,-5.191044435272891,13.094573366545534
39.372801571914366,-5.192007434314391,13.093012546526417
39.35615763504119,-5.190298258730888,13.088852794910935
39.324350263419895,-5.196972047471757,13.077957423665241
39.32430790330672,-5.19726929093854,13.078905973586867
39.297105363826475,-5.21246557400097,13.075916135027839
39.284850386750456,-5.222714769545637,13.07744258537871
39.28534935195525,-5.222015233668771,13.078993125710344
39.265694629343294,-5.2398195207555025,13.08187527129247
39.26721064516734,-5.2363755261350615,13.085351910120265
39.25994403490433,-5.244565549395163,13.083722369439043
39.25088626742798,-5.248738943495492,13.083035985056705
39.25060773032956,-5.245665447651457,13.086746769906169
39.242186113071334,-5.250996369712687,13.082203565931142
39.24306728557075,-5.243536296373034,13.09125215392044
39.22892389799716,-5.2529906819289085,13.084061825703625
39.225976695104904,-5.2542636541149275,13.090145726426949
39.22417140733535,-5.261339063909231,13.090808317989708
39.21613734080623,-5.275960906233264,13.086610842788373
39.2134629469179,-5.282465760342846,13.087387996518544
39.21507834923791,-5.281681123328458,13.090640154762417
39.21584907620456,-5.279159380162196,13.094769939456263
39.21063406196799,-5.283076243644562,13.091163668320254
39.20191139081857,-5.280445281285693,13.091198530115165
39.187521374434056,-5.272141298670007,13.07768745247445
39.18201566088864,-5.2658204213699245,13.070239656074264
39.18007556324791,-5.269699345193903,13.072264055692731
39.17584897737163,-5.269624648410414,13.061142694427385
39.17170715496292,-5.268386035260934,13.051211374445641
39.16752461112291,-5.267957273623848,13.042434624431923
39.157303137596294,-5.273958446805269,13.028201227058034
39.15454327009826,-5.282521978979944,13.0288253965446
39.15540541488983,-5.28932229784039,13.038834973646155
39.153851872602345,-5.298813543925805,13.060618347287516
39.151738417506465,-5.298099200994763,13.071510935603587
39.14936723567371,-5.296055785525991,13.076433893856034
39.143572023559955,-5.296408473997298,13.08207991213347
39.12930966055467,-5.298605361115606,13.076626852002834
39.12930966055467,-5.298605361115606,13.076626852002834
39.10827711008563,-5.308092313813462,13.07653880656129
39.10030180254774,-5.312194481577478,13.077602632082355
39.09466322204816,-5.323761660147316,13.079925391225206
39.092077631188054,-5.3340358157828875,13.086562527102785
39.096292947905624,-5.331569872412531,13.088428959658222
39.10482902165301,-5.336557408758778,13.092407059869135
39.10780420080285,-5.343454907565876,13.093823187653237
39.10529516592598,-5.352802037449131,13.09416995838005
39.1090042444747,-5.352965420082286,13.092782923272997
39.11251928552157,-5.351475345116089,13.09258450284268
39.085362279635476,-5.3488003725504925,13.080618326692662
39.08670681897048,-5.346600758392464,13.079797652751711
39.07708939360583,-5.340013996155755,13.073636525857136
39.05312860988059,-5.326545066674861,13.053834927367355
39.038494178568975,-5.317360609632914,13.03876426846996
39.002305144901996,-5.2999335289357505,13.015783755970695
38.98400468614421,-5.288828052056646,13.006480215973204
38.98127177267172,-5.288676719841439,13.00219245752378
38.94818145462304,-5.262484989265712,12.995998721271976
38.929482628996325,-5.249989262123645,12.996946735226297
38.914988983550735,-5.241420521066504,12.997620327382315
38.90286573744359,-5.23959749870824,12.998148684200604
38.892540819516064,-5.237976143891898,12.999226044905207
38.88828660783697,-5.2429899741343755,12.998878985262659
38.86722717095634,-5.24924613684512,13.002895362105034
38.85799475979546,-5.2565435813974055,13.003879640753325
38.85312991865315,-5.25994327140824,13.0089287312389
38.848377927250155,-5.266888415136366,13.01044709635403
38.847072740252166,-5.275973344897143,13.010650137198729
38.847072740252166,-5.275973344897143,13.010650137198729
38.85411523413016,-5.29338716171287,13.016443531421922
38.86163639918578,-5.305684738629305,13.018561146356648
38.87522215004288,-5.317941885133178,13.022824388050012
38.88680976323682,-5.32872461097269,13.028131871617136
38.90062722134878,-5.336714309006646,13.035189029512864
38.9149286212655,-5.348683703356393,13.038411870248085
38.93036594542282,-5.356529052017043,13.042688784877257
38.93237712851558,-5.358805743274617,13.038349301961164
38.9475901350715,-5.372176441087567,13.052598034852565
38.949449182415606,-5.381372997071376,13.06109663976922
38.94742416607199,-5.388774395068944,13.07150330839026
38.942713124885046,-5.405374544635433,13.078158936069984
38.93941975547727,-5.417405410949993,13.08484552766463
38.93576314933967,-5.429315258283362,13.089615231654637
38.93361181271778,-5.439202899202162,13.092422256142648
38.93359310567503,-5.444921172918881,13.091405824564205
38.934469355260184,-5.44705342324989,13.084020251273227
38.93411531148147,-5.451092049698009,13.082482154059116
38.93289204626807,-5.445309047657806,13.066161737692624
38.930769771148924,-5.438293962988943,13.057859129853457
38.92723627377099,-5.435850752110824,13.04875807081808
38.92304374042465,-5.435400818995702,13.041587706779167
38.92138663555091,-5.4379141092427545,13.037293856861671
38.9201475644099,-5.443270261733031,13.032805454326155
38.91927558800063,-5.446378060370333,13.033449193493425
38.92537488900732,-5.452745303897401,13.033899261912547
38.925410195919234,-5.455583195789126,13.03461157207878
38.92901436293446,-5.4679925635422455,13.034906508075965
38.935524049983975,-5.476683632174914,13.030762255087879
38.93878368922548,-5.480523573544028,13.024292161264277
38.94245103140589,-5.478525901244376,13.026060316424756
38.95504631055208,-5.48330512286921,13.007114055557897
38.962290448633794,-5.484017836480204,12.998755165874343
38.96815561865127,-5.487446647236993,12.989700266735301
38.97303844902864,-5.4939168689985065,12.98181434620114
38.97935821060045,-5.497878282096748,12.974053732115856
38.97581362957717,-5.500673806057926,12.975361175193001
38.98291397581103,-5.515081069570158,12.967017543265959
38.98155279788407,-5.523994344195077,12.967549387727388
38.979499204317506,-5.534898406908986,12.968835457710728
38.977391983493874,-5.544394818347338,12.96781821021831
38.974708559711885,-5.548364529171507,12.966934952194025
38.97110847489989,-5.5576134547757965,12.967355773066748
38.96949757517257,-5.576734531788739,12.957105400396452
38.96947372952245,-5.590727190771255,12.95031803720597
38.97252841667158,-5.603482480399845,12.949462169378753
38.97826116359648,-5.612543196598061,12.953170256621094
38.981968755181654,-5.614920538042624,12.960407688850983
38.983672965249504,-5.617250129845685,12.964372226850587
38.99142544162142,-5.613035933704469,12.978647572547832
38.99440805141857,-5.608814672432591,12.981381743149498
38.99368825627258,-5.607110419035946,12.98233807195093
38.990929085844094,-5.605902098180911,12.97865487001407
38.98785370225462,-5.600412898799419,12.971391643223177
38.995438291516585,-5.605276372842105,12.974836289422049
38.994190203574604,-5.5869340982703575,12.960613374372294
38.99739776275956,-5.576127344942517,12.955291918552577
38.998882167408574,-5.567160705815694,12.94609266774504
39.00101041067184,-5.558174828004249,12.9377554831267
39.00141802953267,-5.551750156301474,12.930425096171666
38.998319017805954,-5.5508315393018135,12.923744197570235
38.999879454419585,-5.5523337486492395,12.920271157800538
38.995233068397596,-5.554147476440269,12.918055232337489
38.994988802929036,-5.563344966402992,12.917772730405888
38.99023413782954,-5.568763190118424,12.91999854621793
38.986863807699805,-5.576735482730391,12.921819567565455
38.980894888938614,-5.580492381887185,12.921280525293474
38.98020751100285,-5.582877345485931,12.923796876183383
38.97355283763568,-5.58633737239713,12.923822874252789
38.95730297411228,-5.5942123547950695,12.91806647991743
38.944005494483285,-5.602089634439235,12.913331642933407
38.92747674897637,-5.605283869550349,12.91527575138783
38.913597829103914,-5.613338241273011,12.91845546286346
38.90348816082755,-5.605797154296905,12.92496594305726
38.89830349241585,-5.604699890962359,12.926993129415958
38.86231679971376,-5.614724092660763,12.945854703323487
38.82880814927353,-5.632347507255343,12.963648916647239
38.80947331677061,-5.641281883224521,12.978035382422817
38.794910228445076,-5.650409666679902,12.988545152149344
38.77960272436154,-5.6637864094601955,13.000411202191808
38.76439170226784,-5.677001224647999,13.009701925203274
38.75163716426773,-5.688926621922843,13.010999902249152
38.741666794347076,-5.694962984722456,13.007716616842457
38.73406994254834,-5.693736514456135,13.00234025170164
38.72937584391703,-5.692086555278952,12.995894983750656
38.72937584391703,-5.692086555278952,12.995894983750656
38.71672552719412,-5.67795144663086,12.980501412469296
38.71051791408904,-5.665921787242862,12.977325021128847
38.70388858743638,-5.652493036670463,12.977335472347615
38.696596309912294,-5.642342038379453,12.975324347597876
38.69501502310655,-5.641006840508991,12.976726827548713
38.69095859194128,-5.631212030155923,12.977286169018708
38.688245303809936,-5.623044466053784,12.978341221655972
38.69291650422762,-5.620364839943164,12.981632906491312
38.69294625646571,-5.6099092734734075,12.991077898538874
38.70229895237856,-5.609332928446772,12.996888782025692
38.70143224584726,-5.605625095709542,13.002161512773098
38.71001364057444,-5.6016517170027935,13.00767138275531
38.71045887245448,-5.594341355844603,13.012834801027774
38.70572631421163,-5.584365174758113,13.01678354035706
38.70191699039397,-5.573854431517743,13.019018369839111
38.69456447962059,-5.562245685975248,13.021409997998727
38.685221012016285,-5.55301155537091,13.020544271168182
38.685221012016285,-5.55301155537091,13.020544271168182
38.670472470952895,-5.540744812405369,13.012694699007495
38.66104166092904,-5.537582918362639,13.012488211444213
38.6538621979684,-5.535609438468294,13.015365912291957
38.64755805905064,-5.53330488566845,13.019395247315485
38.64188572606925,-5.533714706277372,13.022833135341468
38.63687410195425,-5.532287090597385,13.027575662334236
38.63687410195425,-5.532287090597385,13.027575662334236
38.61889330320591,-5.526304067750933,13.034509250950851
38.611523364194156,-5.513787745262179,13.039165588388377
38.6051689758589,-5.500437820940259,13.041670054981859
38.59796909746235,-5.483917480120537,13.04060063989074
38.58801408895012,-5.469046565345257,13.046443738759862
38.58497672898158,-5.4698767664925185,13.053235918451188
38.572815798333906,-5.458325288907322,13.050680196093404
38.56047482315822,-5.43711556551337,13.039281672136454
38.556860401523444,-5.43048477507003,13.035614331919138
38.557624162980495,-5.425851386704636,13.028305639578956
38.551293764960285,-5.427750751511666,13.027135354762757
38.5534350132928,-5.430108951768025,13.029565826383791
38.55227493742633,-5.428477669264021,13.028080214371034
38.5399865873689,-5.42924166671148,13.023143854488904
38.53003250956473,-5.432508484131704,13.018809940405419
38.52386402276334,-5.4330046983287055,13.022981089438225
38.5158770306275,-5.43766687025953,13.021042262492962
38.51577690791019,-5.434809148916294,13.027605825442537
38.49935109065817,-5.441828550084483,13.029455266715933
38.48446189429152,-5.449460546599512,13.030326076666555
38.47819210639798,-5.458576622955765,13.024865454677318
38.46362625328997,-5.476097825696781,13.018889629404637
38.45691248262297,-5.493028387447947,13.013048964785993
38.45499418885737,-5.491360286850738,13.013940244353096
38.45167103315977,-5.504466868210555,13.01750651491215
38.45308175332226,-5.514815401721811,13.030077790005867
38.45716413335255,-5.5169476982507835,13.034071283029338
38.461927192454894,-5.518108597195844,13.034607509723454
38.46333966695811,-5.52065483318452,13.033023761914443
38.46195395762269,-5.521495410003773,13.036841362677537
38.465378416978375,-5.525840837270945,13.022010504040171
38.465278520588846,-5.528743060821497,13.020460624390763
38.46847545606505,-5.523678859397378,13.023989919747894
38.471394855658836,-5.516119204316909,13.020493362143089
38.473592277265446,-5.507133204916218,13.015363857655794
38.47121676953711,-5.50167079186125,13.006226708336238
38.47434542359574,-5.499112676057954,13.010298146119734
38.47199172770667,-5.490085697669319,12.994408970043562
38.47037346778949,-5.48858143770491,12.986989391287342
38.47070695578066,-5.482028842805587,12.98436565143611
38.472014512160264,-5.482705806988373,12.978779344692704
38.47105656532845,-5.487251602914327,12.972823144596058
38.47032200781363,-5.483678503006355,12.977124408051713
38.46955865693281,-5.475621896596561,12.984859359681229
38.46900268064402,-5.493053364567162,12.98281485265375
38.46705442757306,-5.490273407160437,12.984847678835239
38.46448758495912,-5.4982313017882705,12.989496119765361
38.464813145395496,-5.511811596755261,12.991172387945698
38.480110506869636,-5.537558851188491,12.99463316362705
38.47064670396872,-5.531091381586972,12.999272345068125
38.51774713547816,-5.567322614446073,13.006305428079378
38.50958915828804,-5.565308583848552,13.012374220897998
38.54136549848637,-5.579650821733501,13.024097492788396
38.63075112374893,-5.60838118052166,13.039055797841614
38.652654411326935,-5.624679591467229,13.058710880354319
38.6843447665599,-5.64584440331681,13.07028251857496
38.71663183441638,-5.667049613502168,13.079782306722418
38.763811236713074,-5.686280293646849,13.08675560935114
38.805088256624195,-5.707708748203247,13.094260536834629
38.85471944882175,-5.731908162672942,13.096204560720496
38.90613112373133,-5.752127923154507,13.096863551170573
38.89676388456042,-5.758602223633875,13.095575004451971
38.95023023798792,-5.772310429560521,13.09404870801333
39.00502706538716,-5.786738231468656,13.090748165770693
39.107410928363144,-5.802907389451786,13.088857157253427
39.09146059131171,-5.810032048915577,13.092972534333386
39.082319124563675,-5.814521803844391,13.093755218923699
39.11835425177674,-5.823916331968215,13.093497977409246
39.106141446860626,-5.830957910103265,13.090306259709962
39.137588703552574,-5.839696297888423,13.086775056256325
39.16771143035361,-5.849177703551336,13.079975771925993
39.15716469946134,-5.8584103490638295,13.074462600947676
39.19057040510124,-5.864331948664674,13.065734067788362
39.28299952316921,-5.855314232114679,13.049561364506525
39.32107383555379,-5.85591977574964,13.03790615713176
39.39656942450623,-5.842099990944275,13.018127499500034
39.41750131190584,-5.84545677782489,13.007424841236459
39.44342461734418,-5.839767696473628,12.996484107317535
39.44342461734418,-5.839767696473628,12.996484107317535
39.509624796943115,-5.818071307751972,12.976363041205717
39.5386842150474,-5.813243954630607,12.964448932546025
39.56847031059377,-5.811069389256534,12.951376972740746
39.59855318899758,-5.810650598764859,12.939794420336288
39.662785073972294,-5.805869550209163,12.930740250303913
39.68050964443106,-5.812980365593613,12.931770353353606
39.694885560880316,-5.824048440015793,12.935748422771532
39.719579844495726,-5.826010081219553,12.9440272397707
39.75924921103574,-5.838779850518437,12.957034060188063
39.74392790945101,-5.853264372334278,12.950648887599355
39.76100814301174,-5.861297071545947,12.954570011325028
39.77452949995016,-5.868619565179785,12.957494512106576
39.78571571238672,-5.872164773291896,12.958494817244423
39.81162341757421,-5.85750223324711,12.964143462923555
39.806977649043475,-5.8688752088483715,12.960101099920333
39.81008433230363,-5.8679344665527315,12.959457411538455
39.825617550912085,-5.863563627322946,12.961390822959727
39.834070739628885,-5.865258371964031,12.961772190453157
39.82971113101088,-5.869895409441999,12.96085671673704
39.850416187155524,-5.877413940109844,12.962894897163359
39.85264666175574,-5.885395462417563,12.967666479824373
39.85122375455842,-5.894745879428916,12.970799011148594
39.845729816311874,-5.902892045775612,12.977009911220811
39.84236211305464,-5.9130030670331974,12.981380271029764
39.83240374729216,-5.924284439405952,12.9882725361463
39.828785329794435,-5.935981967997388,12.994321625315107
39.82777259373723,-5.944955702188575,13.0006114821223
39.828049008857754,-5.953314646706011,13.006617745329873
39.829548768236606,-5.9637290213511625,13.00963938172982
39.835050100217074,-5.9709680071952755,13.007391051750952
39.83201386370218,-5.976151543350803,13.006539918401153
39.83766915623336,-5.9859511941968355,13.00110396577865
39.844355336643886,-5.992670414803088,12.998120065752348
39.853691896484555,-5.998714034325576,12.997478171365316
39.877919212239334,-6.005453759822573,13.007452296558078
39.88850011410694,-6.000704478895984,13.017773995488989
39.88850011410694,-6.000704478895984,13.017773995488989
39.90268457291987,-6.000576532498816,13.028424870670666
39.90706344425525,-6.004939405659746,13.024524340962616
39.90685079888025,-6.004107745357074,13.025091684232839
39.905967080435786,-6.0050608855718055,13.023943740737748
39.90432342837098,-6.01017246191122,13.023755348008857
39.91119217487109,-6.011249058618906,13.016414356397181
39.909438425734166,-6.010523500521793,13.021110673427613
39.92816819769778,-6.0072859914170715,13.012911777263966
39.94219338420231,-6.00010857938735,13.013659233767227
39.95334389260677,-5.995196676746538,13.01189806223814
39.964922498370456,-5.991186978070478,13.008974365632108
39.96430286818967,-5.9843654851871975,13.015577402885464
39.97201554090789,-5.984716302922624,13.010629159999024
39.97811687389476,-5.982717831004299,13.007228360058471
39.98280645423581,-5.981341008264857,13.004581799294844
39.987538118329525,-5.978800335598081,12.995047355594933
39.98651884279496,-5.978062895015599,12.994113266846842
39.9853717982823,-5.974015075278649,12.992155599697353
39.98436137465217,-5.9728368752231065,12.992949892520627
39.98133054842001,-5.965834461277601,12.989672286224407
39.97449969120869,-5.956247950346894,12.975979450446705
39.969479365016745,-5.956755319698343,12.971913137472443
39.963376056921035,-5.955214681526578,12.973821845190782
39.95414673005235,-5.954355276923573,12.978078094068584
39.95103729991627,-5.956822550313249,12.977935282776688
39.93775197943924,-5.955665316860566,12.985507091112307
39.91053884364605,-5.955825868775881,13.000084158790091
39.89481255051374,-5.965256670927532,13.002726750290401
39.88172980559316,-5.971039946293153,13.006308870940307
39.87159624127921,-5.973606678583524,13.009932830575714
39.8663124778767,-5.98237235416405,13.007467031810243
39.8635462777546,-5.986569771039103,13.00659429462264
39.861873447741026,-5.990644927428943,13.004072908920952
39.85786457715212,-5.994252834518622,13.001587688986229
39.85359166797657,-5.998742263853902,12.998083205507886
39.84465506184077,-6.0001127893189095,13.001919673353411
39.8462136719535,-6.000319787145984,12.998500054006126
39.834090527538486,-6.003215450162477,13.002928391212327
39.82768624765911,-6.003951920147352,13.00473183982616
39.81897957536593,-6.003595747607468,13.007317346864786
39.814188725788725,-6.000239746704433,13.005589982347843
39.80922515923885,-5.9961546581636975,13.002489255421645
39.810339538096834,-5.9981758153324884,12.998703323810686
39.803924154228724,-5.987623034102059,12.984771731211268
39.80408092856499,-5.984355430330095,12.971868453251346
39.8040686638216,-5.978749101809172,12.95912741848842
39.80115536397441,-5.969121808683859,12.951827338175205
39.79706604660054,-5.95892240435109,12.94763502811055
39.78948989940708,-5.95128123337993,12.94849914525306
39.793074313578224,-5.948034342519251,12.946902983550478
39.782548492734655,-5.931891867107177,12.945269406266172
39.77785561979536,-5.93050256439995,12.942014739575177
39.774083871579414,-5.930445470213476,12.939890843475501
39.76963596248254,-5.932153858295329,12.935940966072529
39.764721527201914,-5.931071894071273,12.935914126321082
39.764721527201914,-5.931071894071273,12.935914126321082
39.760584135977176,-5.9332940793155124,12.935244536645483
39.75612175700087,-5.933371078897229,12.936458912077867
39.75448304251204,-5.936907468455117,12.93434806455264
39.75298912669315,-5.936285894677264,12.927387507987923
39.757586904573074,-5.946080074295373,12.928737156306173
39.75612852241972,-5.944463016137702,12.926385828902054
39.753718396021924,-5.943032599511521,12.924059209972336
39.75782820787971,-5.949466170391181,12.922799373188257
39.761078864268086,-5.952649410913164,12.920684778020739
39.77238544594782,-5.960882483323565,12.92319875199135
39.780086004311464,-5.969863167093394,12.924795090208686
39.805633420183206,-5.983221508328511,12.937935190729862
39.80885520720939,-5.989727978699191,12.942628391931757
39.813798172439164,-5.996225385969667,12.948030131565304
39.8171683938997,-6.006428695647109,12.95227128271697
39.82617463666548,-6.02280605871656,12.967553512573183
39.82758789930844,-6.031492689817251,12.97475493101156
39.83089681607878,-6.036667607882046,12.982647658674875
39.830680903226394,-6.045483809132558,12.978687273716991
39.83205273298714,-6.049273830576137,12.974506577605842
39.83460485066121,-6.050939008961662,12.969285468261875
39.842456462061065,-6.0576648253275085,12.971194204717518
39.8467985593168,-6.061278688240986,12.973824554918336
39.85520375021316,-6.065303426409873,12.966788805277773
39.86009280507849,-6.067017902128627,12.966625297564347
39.86278639766695,-6.070369700868544,12.967762200229034
39.863147265113575,-6.073242978344165,12.968817842043137
39.857149699521464,-6.075549713792384,12.974663450328045
39.84584832948316,-6.082067017730023,12.969664240316149
39.83779853290078,-6.081493118846925,12.972390046956532
39.83756071664305,-6.086160966280944,12.963434012009976
39.817522345045774,-6.086912417803751,12.961163061153163
39.809959959154156,-6.090056523579829,12.95083844874384
39.80870656447979,-6.092635328004741,12.949964654323042
39.82046462001434,-6.10127984226492,12.962685953375146
39.82872584148507,-6.1044392411612565,12.980077415485024
39.83600110044314,-6.106469996310417,12.999958149350519
39.841856896879044,-6.113050249293734,13.01777107326219
39.85357112275209,-6.135646651328679,13.052473024841746
39.854001269585375,-6.14862842074822,13.0687131134655
39.84901140444355,-6.173579393250476,13.078640963476033
39.8545811665119,-6.189095063707254,13.100499740289967
39.84482482943895,-6.199142665507289,13.091109485536643
39.85136894882727,-6.240656140832943,13.138864543815497
39.85417927684044,-6.263636239634763,13.161284164376724
39.861370966075604,-6.285444044731083,13.182677342978772
39.87111054054301,-6.308098179006911,13.202396554829802
39.88872218680486,-6.333920427351685,13.221377311554152
39.90458528961342,-6.3627485294997985,13.230010126842053
39.92685076815563,-6.386697810103031,13.244545205884172
39.955657551470864,-6.40766061402709,13.258081014829182
39.987288854745515,-6.42929479795999,13.272742215586536
40.02084900039592,-6.450398292173923,13.288668589723068
40.05532007404722,-6.4743669866107245,13.304651523493861
40.08776251750803,-6.495517664078456,13.322270095151438
40.11874750992643,-6.524571303311851,13.339187011721185
40.15221087450176,-6.554922683108284,13.359348441723576
40.18551178324615,-6.587103724081789,13.379928894024205
40.21911443920636,-6.615226642417288,13.404199625534973
40.25575569542685,-6.647015785472962,13.434047566535517
40.2551302281577,-6.64516047649255,13.430249277791754
40.33505540486611,-6.686073112525491,13.494371873029394
40.38129166496864,-6.697734111326525,13.525581764256303
40.42991348890671,-6.704432204338739,13.552596603716767
40.481866688724025,-6.713714825529753,13.569776061884843
40.532619248641744,-6.718592918456097,13.578432661415892
40.58700775778715,-6.717291586225962,13.582342234992273
40.63755020372908,-6.716985159991164,13.579684054134866
40.68521821001896,-6.718689035952733,13.569089450454284
40.671906024560975,-6.733303339443015,13.557621625876195
40.666544465880314,-6.7405580195787635,13.549882412944253
40.662825727833976,-6.749547780428277,13.54037713869497
40.82341996266176,-6.734103554129471,13.508213925892298
40.88238061966258,-6.731545381048278,13.493751363486739
40.99943650530623,-6.7318702257384215,13.465762778442985
41.04230410829198,-6.744528911739107,13.442975062462748
41.081248151687255,-6.752832285558712,13.43227107654486
41.12021852527854,-6.755753037710654,13.431212204207043
41.141870918695815,-6.770898134793282,13.423178584932428
41.16719866865501,-6.781384868319378,13.423191526965395
41.19092115824133,-6.791817425562408,13.426188670880704
41.21327391707408,-6.803706186443664,13.428205385958561
41.2354361310657,-6.816685729511136,13.429559231488852
41.254632179278076,-6.83242585103822,13.432814746516247
41.261175951221766,-6.853464030167906,13.439753170485917
41.27332690943677,-6.867488995006097,13.452904685912225
41.28824191580303,-6.871118088564325,13.468174294843992
41.29445771240114,-6.885065506595321,13.485212263969832
41.289166890901086,-6.901228323897638,13.48399809536235
41.29872807576433,-6.911568865340911,13.495212198412744
41.314642735185224,-6.902967571480772,13.515910185677765
41.311713235793256,-6.910021783052827,13.515287985827213
41.3117367172024,-6.91400798468377,13.516522274320335
41.301737980279725,-6.893737111343684,13.520292727222692
41.28999821285414,-6.877783385987096,13.519481629221278
41.274991988464095,-6.870629883365654,13.510289081977751
41.25757578380919,-6.849987805615372,13.5059083594939
41.26076224646771,-6.85530361512137,13.49973633598835
41.231090921772164,-6.815773922801287,13.486225199122556
41.219308948448266,-6.794847077838697,13.478749036980199
41.21323426047773,-6.775967420527716,13.469034188837725
41.206395461802366,-6.755183216339317,13.460974027951515
41.20322525672362,-6.735422994912723,13.45521823970866
41.2044816316968,-6.73449730047472,13.455337811265444
41.187228743667646,-6.703772746237178,13.452426103295616
41.179294442560234,-6.694043141508143,13.457575568225973
41.17344050295251,-6.688944048402203,13.464842562274145
41.16932542820612,-6.686417699556993,13.476027577396335
41.16710898714026,-6.685442401114518,13.490320110922958
41.16765738735417,-6.684993269036239,13.493725171494182
41.173448109009186,-6.690926625168595,13.522237588143657
41.181606975501055,-6.693361675865502,13.538954364647855
41.19123900991048,-6.69426008313109,13.55533981299666
41.202904135343914,-6.693298340789314,13.569331403674472
41.2150193044373,-6.69615259988329,13.583411141170671
41.227899778796406,-6.696054961294395,13.595581327468892
41.22579974627715,-6.690233299301795,13.602971710805003
41.22315458484921,-6.684325999102292,13.608889203150884
41.25103427028066,-6.695636912936326,13.615808484475481
41.26125248947079,-6.699321747124435,13.620803803152358
41.27102069638979,-6.706696188564074,13.624182855574212
41.269492300180346,-6.700558058551781,13.630300333144563
41.274897064875994,-6.7080944681673795,13.635416543591637
41.278327290824215,-6.717552556285048,13.641891995629706
41.2827377646305,-6.73429871138058,13.64361623360476
41.28167204045902,-6.74175686982299,13.647642643876738
41.28199936435316,-6.751387272508807,13.650955305550445
41.296488776514416,-6.7777260236385715,13.638896197799182
41.29766793145553,-6.77381959517287,13.642146563487477
41.301121679882144,-6.77438365973405,13.641472133613712
41.30344120075154,-6.766443630083854,13.642590979315766
41.307288783646776,-6.7548096863666975,13.643491107685849
41.31784834296694,-6.748415677401564,13.637942801321868
41.322173445959024,-6.7375570209390645,13.635520464642132
41.31102336467255,-6.735324184149101,13.64258548711239
41.332104732619605,-6.72950902897921,13.627680366701316
41.346395469311595,-6.729359768357915,13.62025315828056
41.372106935855975,-6.725267872769625,13.61606331105018
41.38016012074907,-6.721574453911085,13.619496213239918
41.384956893789884,-6.717762386765011,13.6213486819264
41.38201231356797,-6.713880617031921,13.624566297412429
41.388187699451024,-6.710114702555124,13.627465325133011
41.39385058922373,-6.711230309244052,13.627016299606368
41.40061874958565,-6.71291135476922,13.624038735988375
41.40703217496782,-6.711924134838486,13.621964947736796
41.414584765237365,-6.7091931497519175,13.622833590229119
41.41476143126646,-6.705601759266085,13.618950903188793
41.41626924590255,-6.703052290035135,13.617806380658598
41.41552974999487,-6.697934426498836,13.616469627369067
41.41692840755292,-6.689731970719966,13.615119718724833
41.41643620152358,-6.683614591109479,13.610533653260985
41.41634315567485,-6.677229266702871,13.605190148393797
41.42208063807848,-6.670836212176726,13.601790790199242
41.423482890885126,-6.668518048702444,13.60074299702489
41.41957418602755,-6.669083862987336,13.599258555862576
41.41443868654175,-6.662154203578717,13.611419010826921
41.407728393159424,-6.657290339660101,13.620002922499175
41.40287904353964,-6.6561397973704715,13.627709330318128
41.39743307567865,-6.653963448263498,13.633734449180118
41.392728125282545,-6.6586586787000694,13.631037169778413
41.389978212682635,-6.65139294572534,13.642227145230073
41.38626709145244,-6.649346073688545,13.643285307821973
41.37935227192809,-6.655915044378659,13.642444582732105
41.378737636487834,-6.654252238046236,13.642606871103817
41.38124549235595,-6.645607065063872,13.642741443010904
41.384049560945655,-6.643527608241487,13.643959790423608
41.38216850719737,-6.652194909382838,13.641938789463056
41.39568613107461,-6.635363466152505,13.63920706736711
41.39655228564582,-6.634110089679848,13.639855778531242
41.39720904079369,-6.636289242653043,13.63955999008899
41.394968989832634,-6.639028396277133,13.638380137555426
41.390646790159686,-6.642115793479271,13.639366798467977
41.39292041696364,-6.644888157459323,13.641209648965505
41.39204576306007,-6.6475804108702805,13.64196113529648
41.39567770148095,-6.650387420007917,13.64385550155395
41.41944271745673,-6.649928211070579,13.636090300720937
41.4171155191777,-6.649588814493357,13.639291643761734
41.42306601926679,-6.651902141259968,13.63618581705607
41.443409424510655,-6.652278066607272,13.620947862916058
41.45028795218821,-6.652764049413639,13.614337389113963
41.456022092188974,-6.652541674997151,13.607900887547942
41.460103317392125,-6.652564716534192,13.603771292138472
41.471532188476026,-6.652516241832501,13.599988134351944
41.479298146534305,-6.654500381262302,13.596416195435562
41.47765216806348,-6.657802907667131,13.599154802159585
41.483919653426966,-6.65801394598645,13.60263807400262
41.49100904591898,-6.659266747852007,13.608551305059278
41.496725152190216,-6.659509696981904,13.61456127515784
41.50230014430146,-6.660807267667267,13.620243611659047
41.50623963723184,-6.661456408825725,13.62399322446816
41.502793844667046,-6.664094098017237,13.626253196394988
41.5136797364796,-6.661306481192521,13.624120616259033
41.51007440302447,-6.663355977048792,13.624741223752643
41.52577051420972,-6.6543216978106745,13.617026153252523
41.529619787608496,-6.658356600060425,13.611826506925748
41.54182252820489,-6.660176024505616,13.603438171221498
41.538965102004724,-6.665849513411234,13.60239433360471
41.54511520184564,-6.673488833290028,13.601145123891808
41.54650881474058,-6.677855906012611,13.604007398792282
41.54893597198341,-6.682201318565291,13.607793942411144
41.553041542547874,-6.689755950480257,13.612352596929536
41.558407101284885,-6.693679309036314,13.616104814114045
41.55569354347927,-6.695467090624644,13.619153730984898
41.55012835968901,-6.70230645380177,13.62240733315521
41.55869051037396,-6.719872251348745,13.632035945991156
41.56316017443578,-6.7299001673347325,13.637979597529194
41.57854697019944,-6.745091516673033,13.647601099156816
41.585140273560654,-6.754438001385326,13.6520787880634
41.583220619001864,-6.7569572420232555,13.652960384518211
41.58801958008515,-6.764774129022568,13.65726060607314
41.588051079986506,-6.773368517420544,13.663991540961609
41.587173757128014,-6.7814894503113745,13.671245126054416
41.584344180523026,-6.790835539298673,13.681380512405909
41.582964569430146,-6.799446169094781,13.690013903664706
41.58099481626795,-6.809541180965903,13.698549710275442
41.57755669761346,-6.8243434236702445,13.706442031701595
41.5699421738659,-6.851575967888793,13.724519412706758
41.56234810206162,-6.864563178170737,13.731264736871312
41.55932428827325,-6.875181421393427,13.737420465984988
41.557560429883324,-6.886011302767745,13.74441103616929
41.56110020192424,-6.894390254677403,13.75067935783502
41.568607385819035,-6.901772036990755,13.753422272166098
41.57893355190225,-6.906240450407962,13.74577074513796
41.59611784103565,-6.910422643277532,13.743182810359963
41.616260409227756,-6.910703722439011,13.74065348547012
41.63869028834444,-6.902470429335061,13.743275441190042
41.663416914496366,-6.884602714346254,13.750302358525108
41.685586552930076,-6.873845955048403,13.755827516223054
41.70469875450861,-6.863121665570436,13.756627332397358
41.69847439703289,-6.860842670241268,13.757470114121181
41.70322600160054,-6.8556653319451435,13.764938850966889
41.71548663359948,-6.858153978008967,13.769192068526062
41.73261610096888,-6.867263443153424,13.77247680813709
41.73261610096888,-6.867263443153424,13.77247680813709
41.7804073298119,-6.881668100459076,13.78217445124672
41.80616483066408,-6.893610404110238,13.794348932554712
41.804377211604006,-6.8910677669501,13.798447927012608
41.79887480083212,-6.88791433413363,13.799952715681819
41.85402934462604,-6.911947745364405,13.811223790016687
41.84980684442227,-6.911108699566343,13.810045273927848
41.90978635705259,-6.940754346224043,13.81645599384093
41.93288596163432,-6.9572148270891745,13.817656401834483
41.951674843739674,-6.978057486496168,13.817955288415915
41.99716927735456,-7.010862108511743,13.823301052988553
42.03017467137006,-7.040184485009841,13.834355360454959
42.024054715616415,-7.042344833773403,13.833448639177448
42.05714002358277,-7.065345307794346,13.845470639545177
42.07520179790108,-7.072432600274015,13.84835504649906
42.08952853339176,-7.077275987919729,13.847303441869704
42.10316020639582,-7.088999166317976,13.83665231971284
42.1182362978397,-7.098664008452287,13.82668838860227
42.11486011737683,-7.103401724850757,13.820759562911137
42.12704815333394,-7.111437413224609,13.809858585292138
42.14231921518855,-7.114123382382449,13.8078674096547
42.15943431719331,-7.115156069345045,13.810385043907154
42.1553477687808,-7.120093282268886,13.804451246420012
42.19499545271845,-7.1185595902050665,13.815721860106216
42.22048433322914,-7.1197155214367065,13.82309386305262
42.2432224283373,-7.123826199891657,13.826999251164304
42.26478508969183,-7.1283103170399285,13.83395742385975
42.26083364378943,-7.141585967452926,13.823074789804648
42.30592629397708,-7.145551464509557,13.84459480716435
42.341740970456364,-7.158079711786509,13.866814990402768
42.34119567115804,-7.163440638750722,13.861227991060325
42.36262175354365,-7.168310477100374,13.8760605037365
42.4085242830123,-7.186248360215536,13.901382124435559
42.43307215589193,-7.195439732305862,13.911326863498894
42.45639219423504,-7.201750627509834,13.921614156199604
42.479387201885245,-7.200784029845822,13.934744108321961
42.50325203300552,-7.19965173058087,13.94563224915163
42.527393085408114,-7.196471590447586,13.956386069921422
42.55275866152213,-7.1905123867537695,13.971931357019832
42.580471510800095,-7.19177303739546,13.98149537294378
42.607327485391586,-7.1924414152090925,13.994096715072159
42.63413985732538,-7.196741783538041,14.009228322714465
42.63627082457209,-7.1992908973129985,14.00333166261662
42.69040116979564,-7.209245459459802,14.048179419525969
42.72553859263833,-7.219025899256745,14.067410279328096
42.758074167032404,-7.229659251572978,14.092533469101312
42.792079962508325,-7.242984817805746,14.115434496584555
42.80210015411189,-7.251680226235561,14.101720816585706
42.83025444219663,-7.261834390881856,14.130204089208913
42.84158442820524,-7.267122319368502,14.116289903261114
42.88060408539502,-7.279729557774156,14.135286960722034
42.91332148527031,-7.292302801451408,14.16404570337478
42.94022475987805,-7.303999750009185,14.197718356546405
42.972212049808064,-7.3182356551169345,14.228857175558694
42.976819668375846,-7.319607155854177,14.227107771327349
43.011623894280945,-7.336629771207724,14.254894077437134
43.046968603005375,-7.353831800539465,14.284186785658138
43.114093476225435,-7.38754569112065,14.327005161113048
43.14540865196269,-7.401300279410913,14.34216489582949
43.173283866635806,-7.41528745632839,14.353388547484943
43.20335826059623,-7.4246658347723455,14.357187988331281
43.227746880885974,-7.439185754735147,14.37130757578477
43.237600071598386,-7.441283119720282,14.375861726726763
43.257042147969145,-7.438668589641246,14.370096001727266
43.27001182383035,-7.436496966445668,14.366999406284119
43.29795055788719,-7.431085555064816,14.359412585819026
43.30995497944469,-7.422216935106389,14.352309643097643
43.311430844933525,-7.421041284517273,14.34948559714578
43.328882804715356,-7.4098999570146855,14.339621424778601
43.34339766639355,-7.398039911827501,14.33398696496478
43.35559510427035,-7.391752071945349,14.329979508587734
43.368756620619266,-7.3837327197083535,14.328949537506048
43.37743475445144,-7.380047088017481,14.327861085954098
43.387272806919704,-7.375208341250727,14.329009362699818
43.39156387355359,-7.371168501694372,14.328261498586391
43.39848093891343,-7.368350203394858,14.322828583000037
43.401240021590944,-7.365540817636716,14.319281578232863
43.4036633690907,-7.371743629453191,14.308649540188412
43.40129809911707,-7.372608354211818,14.30108046986077
43.397416645211706,-7.37491673314294,14.29136553620384
43.392368026601446,-7.377211751092455,14.2829064046397
43.385286346928275,-7.377700083493619,14.274920973225374
43.37658698273505,-7.380789535414615,14.26418407320162
43.37009174209099,-7.386770546716486,14.24916742567108
43.359136250201765,-7.3847080778889485,14.23566523665033
43.34891670996699,-7.380998060870602,14.221269480703523
43.33935683935721,-7.3792207948743975,14.203898293689823
43.34132685583363,-7.384509375335087,14.201308489593863
43.31852161790359,-7.382311541536356,14.161653637306017
43.30630965159465,-7.388952234811042,14.141258849322801
43.29744721960362,-7.402677094444381,14.120902485006795
43.28704554164014,-7.406308364016498,14.1146479757861
43.28943085530341,-7.412455268175729,14.113477415197211
43.26601381452094,-7.408216380212022,14.114547410250719
43.25299325458392,-7.406637000251449,14.118149369563987
43.239661894988124,-7.401998995718707,14.12025911776265
43.22442652732142,-7.392450436450767,14.119163303892469
43.210430508758655,-7.396307581645083,14.116201126604349
43.21149127684512,-7.404440982601704,14.117282131593774
43.19800766774625,-7.4041375492212556,14.107569653091351
43.175145527477106,-7.386187449823748,14.08737147075507
43.17035276826227,-7.377755827064369,14.079762563491789
43.16829867518354,-7.3640431774926425,14.074516999172154
43.17022084509248,-7.351289116496628,14.070768686061545
43.177229381966775,-7.351572723476202,14.075223980354794
43.17991545540028,-7.337372428213233,14.07307366234194
43.17610720924127,-7.326994011574775,14.064394932497704
43.18486826721924,-7.321103060757741,14.069153435985982
43.19116309403582,-7.323158153235407,14.074374792638814
43.18393162397374,-7.313066783989721,14.062867643933526
43.1746540258018,-7.308795468475168,14.052737295598334
43.181205526115725,-7.309198516357646,14.069309026040429
43.17254893160885,-7.3081390283569325,14.06685580992789
43.161031865021904,-7.310342764661178,14.063549539818656
43.148431502420024,-7.312047421710896,14.057439792552973
43.13693553927812,-7.315432113982384,14.052814016876454
43.12950882621137,-7.31858915941787,14.049614474777316
43.123914421968685,-7.321481624537566,14.04758810043522
43.12221387743096,-7.322095071776663,14.051700188411704
43.11822256620014,-7.328669532765917,14.051278656929329
43.11676621445951,-7.3387834674683585,14.042556359411225
43.12199669298276,-7.341662107482884,14.03949352296097
43.12897102249547,-7.3462233177158645,14.033454318763141
43.13674590457504,-7.348768949922541,14.039855918692433
43.147158483497385,-7.351778410256907,14.035426104791437
43.16351253668932,-7.357341502609896,14.029575587188118
43.21876635156303,-7.376289742109467,14.00688016066961
43.254787842449936,-7.396627540676783,13.996066222442154
43.29569442597955,-7.418095527138894,13.991255652040575
43.29232704816001,-7.420129754494665,13.997505783217088
43.28332104643307,-7.420746513312005,14.011469394588266
43.27835584283349,-7.420760803513044,14.016963412566382
43.360490652030194,-7.475454108611344,14.005986206346499
43.38480098658821,-7.505620712773932,14.017280600150773
43.41757497121634,-7.538883394991788,14.021134603274506
43.43730614625191,-7.583061349532098,14.038829165877013
43.45831669481466,-7.632100611508524,14.059894929175822
43.480443865030914,-7.682538555425801,14.081457463570654
43.4985111876423,-7.730354987446637,14.107549869169507
43.53174916433967,-7.809986455844647,14.159128786208255
43.54634770662854,-7.842157580724529,14.185074794831069
43.544050771782224,-7.872281570253308,14.213431324202396
43.53655541123415,-7.901596750440649,14.237799513002992
43.5190884309446,-7.932270249433586,14.25595092408339
43.50938951079659,-7.94906042172823,14.266758239895278
43.4993036180901,-7.959996197444252,14.270075459019987
43.49169804088834,-7.9655637641685155,14.276944105851994
43.48297514898375,-7.972808756176236,14.273758722752582
43.47541514222787,-7.969447306312265,14.266865764673026
43.473211817322856,-7.960992515106547,14.258800938134415
43.47067654856061,-7.93881279402886,14.24493330562514
43.47700438128281,-7.918314776933981,14.226840020694754
43.47580866465253,-7.882211849345737,14.199357979728124
43.47989261933229,-7.881743264098824,14.19801495841526
43.48425267286819,-7.882570101347741,14.195149093135177
43.496687624693834,-7.833282864687067,14.161617440208708
43.50288796299174,-7.834501299557854,14.156045702620274
43.50927608686693,-7.800471846024037,14.144757321248278
43.51144435356647,-7.8048357283734395,14.153508098668071
43.517432007150795,-7.809727231120336,14.164788634515785
43.52024900633728,-7.821782139441212,14.179682472389542
43.53061019128826,-7.835366453209417,14.19496517641002
43.53428411432545,-7.845845120225862,14.21433250527265
43.54250260622491,-7.864776547678819,14.228096209027182
43.54896693026685,-7.8693098155469,14.237610176754817
43.54896693026685,-7.8693098155469,14.237610176754817
43.58258659721564,-7.88029196169816,14.243141184700898
43.59916301417474,-7.891363422965263,14.242835243177318
43.61518482458005,-7.899815604757433,14.242533717862457
43.62937217475745,-7.9074376028513,14.2421520503269
43.62518621549442,-7.901421086213425,14.250351107721384
43.63749605045062,-7.9108266435375585,14.249223905107886
43.647415463894525,-7.920213854181616,14.251665066825005
43.65844378667736,-7.932997956715157,14.25625747188502
43.67854565631843,-7.978039291562918,14.267969410368206
43.68541570322941,-8.004484467148606,14.279778997777042
43.69181655384885,-8.02736891122348,14.295121572404854
43.697703178475784,-8.050945150624306,14.309603836474338
43.70090430652107,-8.037941728386548,14.31364253137008
43.70501157461669,-8.055127138431253,14.326650330110875
43.70434041316336,-8.095368140903519,14.343572798301059
43.70005386394904,-8.109334576585066,14.350987972853467
43.69138693712974,-8.126682141119469,14.357696735923785
43.68175902109572,-8.134056464851792,14.361368195983172
43.68402369072031,-8.125198275731671,14.354155430292806
43.68402369072031,-8.125198275731671,14.354155430292806
43.67921205130466,-8.129897483940201,14.347156663199643
43.662509383661714,-8.146867177946774,14.346811181895525
43.662298607986195,-8.148625518434852,14.351807771460807
43.66658063625337,-8.143642490760021,14.358544598895538
43.668168073568964,-8.1345101148753,14.370651633913328
43.67378157684712,-8.118050850440149,14.380924739122802
43.68591465684992,-8.09972894230212,14.384855696193048
43.69681493854861,-8.083444424951683,14.388964074877174
43.70230704242233,-8.072596225466993,14.392666920214547
43.7085096195638,-8.06363504773349,14.394844465020874
43.71560089567881,-8.059683357133647,14.397620547792936
43.722811299037325,-8.057047504124007,14.397803975412875
43.73117592993797,-8.053714964544312,14.400551252944078
43.740497053581485,-8.046196654060669,14.404776500434147
43.75232540458323,-8.034684473681592,14.407880835991707
43.766403046267754,-8.022601129954376,14.410322472636832
43.76912678894517,-8.019130076957241,14.409360108184845
43.771816598408925,-8.017471873374117,14.40408696318075
43.77183301566548,-8.016963654881385,14.402897598408869
43.795324097392154,-7.994348738818429,14.406977412388049
43.7964513282314,-7.9949039934076405,14.40395992899407
43.806397654012876,-7.9875689966912224,14.403781476736633
43.8218867315622,-7.979160526340884,14.404369771331856
43.82703495327491,-7.977664059425037,14.401999704982474
43.83233903971679,-7.9833052477109385,14.393678001948263
43.83575901852471,-7.9851962016978755,14.391628876109786
43.835305069920075,-7.98699227789547,14.39141024250625
43.833213692043564,-7.98580519239482,14.386467118655345
43.82549062827522,-7.992379872355773,14.378505348783865
43.81583738074817,-7.995299163304586,14.367962277843922
43.812189241028165,-7.996301408900675,14.361000995877962
43.78324180130975,-8.005135025169928,14.352100725268736
43.778660488863714,-8.005361336835639,14.347286145689079
43.770562101494335,-8.005526489239339,14.342216948309078
43.74583603509584,-8.00175545248154,14.343717516952665
43.73431530604142,-7.99995530526853,14.34420086898824
43.72962486988075,-7.997018713860768,14.342049895444672
43.730176331354066,-7.9948371124239594,14.341486738898622
43.735263666129896,-7.996569121764923,14.337072460992113
43.74284175940171,-7.993207309612211,14.331219085851856
43.744525348880266,-7.980574468412418,14.335271297168005
43.75139446661123,-7.974498291692169,14.331223998340569
43.759953673725235,-7.975230082281846,14.32140949023996
43.7703603062735,-7.972469113318945,14.313911340847039
43.7703603062735,-7.972469113318945,14.313911340847039
43.77925248972718,-7.975589861356853,14.302031135180334
43.79583851641168,-7.969722829869903,14.295090317934761
43.808171031122406,-7.96593061173425,14.296521696199434
43.82056660081634,-7.971832869399894,14.303225947716319
43.828408046854285,-7.984569806051726,14.303771633943377
43.83002959562562,-8.004825122895316,14.30560192169995
43.8147541175908,-8.063853586421336,14.314235686925949
43.80224358523808,-8.095232226198078,14.304040730122507
43.79375828984682,-8.131689308376394,14.281385674854375
43.78646092798084,-8.165865645821182,14.251380410425025
43.78257476384471,-8.200951869080708,14.214812115672958
43.78861651647134,-8.24879440615397,14.160634627826735
43.789650007370454,-8.286592710710213,14.121261468591616
43.7909897888833,-8.32204738185164,14.085072131190547
43.792094847994285,-8.356652123595243,14.053588886393854
43.795676078920934,-8.39452635635013,14.02394529323734
43.79681779093645,-8.42788053881283,14.01037872970541
43.79632053318323,-8.458113519463204,14.010097465880369
43.79287193519641,-8.48596328100974,14.017045201400954
43.79010549999247,-8.514518710462566,14.028424320654944
43.79424005647545,-8.519499274136926,14.03286241781083
43.795777864427606,-8.54654531202196,14.039658178143975
43.79441057704675,-8.585994464715334,14.052874995308617
43.79789013118847,-8.608449565089225,14.055019850926074
43.80047638807355,-8.625796503586729,14.058216916057034
43.80421625192988,-8.639747788248178,14.058394415485834
43.80602467717981,-8.641654996721563,14.06602056400204
43.80935971551545,-8.650682007397101,14.059176239165234
43.82374191194312,-8.665794369280366,14.058034054235915
43.83502523974211,-8.669083334260224,14.055882182116799
43.84780642068209,-8.667207013005587,14.053786425454607
43.861886450081535,-8.660945628802676,14.051510330061435
43.8761157832509,-8.644772911275924,14.052849933864959
43.87720308774618,-8.65313715479791,14.04597886482581
43.91198601651907,-8.62737184524781,14.039164107218122
43.928919501568686,-8.626343649640981,14.025704042337232
43.94615857862283,-8.623212459980369,14.020404840721655
43.943495491464155,-8.627646374233557,14.01727313102295
43.96265263479303,-8.618508389894023,14.018767122455175
43.97918481038426,-8.62222369509222,14.01481843268491
43.977289137813344,-8.625001986874544,14.011260751787802
43.99543852554426,-8.625065789124218,14.013039778186137
44.015242230885704,-8.62607039885861,14.017335617238329
44.04738632018655,-8.63541755527596,14.027143084158869
44.04738632018655,-8.63541755527596,14.027143084158869
44.05375286461149,-8.64183477436962,14.031347515761901
44.05806064974103,-8.64686556197449,14.033981228454927
44.059936321186775,-8.65312156701613,14.033711030620738
44.064952164003415,-8.666368107841832,14.030448766565721
44.064952164003415,-8.666368107841832,14.030448766565721
44.06557793629604,-8.683193830475345,14.031945632368007
44.07138962888037,-8.688377738923093,14.03274157766162
44.05809369830488,-8.693537933962563,14.042909668325775
44.073425541528195,-8.706421080512168,14.047461887636532
44.08515856830797,-8.716276256035288,14.053864343526472
44.09813726736515,-8.724660572503604,14.062350035477175
44.10809679955028,-8.732039502824895,14.074633015448454
44.118290542045045,-8.737929244498496,14.086358125324278
44.11165733738176,-8.737574893548764,14.089970962124177
44.12280485822561,-8.737537685006465,14.099513812493683
44.14730561174135,-8.735178709045337,14.100257780905089
44.16409671603521,-8.727285199511787,14.085103044022656
44.16692113217992,-8.72006323709764,14.078624184830984
44.1712436047391,-8.711155335974437,14.06878508167847
44.16815185933551,-8.708155435382645,14.071519313584718
44.17179774794708,-8.699203191033654,14.061678225581794
44.17557429414595,-8.683587159056975,14.0571525816073
44.173997308133565,-8.652919447679214,14.046453643080586
44.17276585937793,-8.633905644721022,14.040725980623641
44.173075425278654,-8.616184101513507,14.033664764074068
44.17346454783855,-8.60863219270399,14.032311932826737
44.17080215038835,-8.590977260555386,14.024420684442559
44.16268052130501,-8.560013059257553,14.013772188254944
44.155292026908796,-8.547699431065448,14.011176692284176
44.14785604009028,-8.540294478954966,14.007603285253829
44.139222276270566,-8.545003952727155,14.009003922347624
44.12930904223249,-8.545513268168158,14.011220623962728
44.119339730420755,-8.547568896207135,14.014444315641486
44.110230774082375,-8.54271031378577,14.009961432702955
44.101706481115286,-8.545907167792683,14.008908786326755
44.095992076883455,-8.546942482107001,14.00435374029744
44.096350321460214,-8.555718783000392,14.002919184367757
44.09958054338686,-8.562200530697632,14.001377252041854
44.10625744682085,-8.549565851350687,13.99276365031461
44.1185722754192,-8.544864455825774,13.993413843401836
44.130856628763524,-8.530998492617138,13.99112695599102
44.12568690618521,-8.520878107640572,13.987289652771407
44.12102936704431,-8.51708044853898,13.986364017112525
44.15245691153974,-8.510748428950684,13.992311733123246
44.1381780561675,-8.511193542454379,13.985035011075105
44.173319382628556,-8.521937413066198,13.998331471682734
44.18607400518257,-8.536638772087935,14.007686528944847
44.20887891928398,-8.562462180019692,14.044438861587516
44.218508043965166,-8.571915747793764,14.066881222651167
44.21241446801247,-8.570556273286451,14.064060758480476
44.2243317421949,-8.585230226177151,14.106887879012104
44.21849820238601,-8.595739982602137,14.115167462235492
44.21246041673017,-8.602164253252283,14.124748111543715
44.21125036659135,-8.60908051161652,14.144726090311414
44.202095920688684,-8.610576025368625,14.155595687447425
44.19210547566758,-8.608538547203104,14.163225398232228
44.17761979811666,-8.605871432377944,14.161049112750012
44.170732331064535,-8.603526410341601,14.159728916267529
44.164572206475206,-8.600284321737789,14.156378915799717
44.16086150624158,-8.592621058501527,14.152837120110627
44.15908637777588,-8.586010052370224,14.14920817538012
44.15788276373555,-8.580317217439518,14.151267510294154
44.158630556646024,-8.580605052077233,14.143282321251379
44.15718482835448,-8.572532930015779,14.13327540821924
44.153465872940515,-8.568780240305319,14.127818006477298
44.15340733890529,-8.569254128231673,14.122405767763745
44.14460872621229,-8.566313983884289,14.120969457929242
44.127880127402115,-8.558943930411091,14.129814996473064
44.11913917344288,-8.554114607293263,14.128439944174906
44.112442760408484,-8.549267104747043,14.125898643392702
44.11008342480592,-8.539336662801157,14.12594598876838
44.10489902664634,-8.539125935756392,14.118787010474838
44.10190748014187,-8.516797622753991,14.104330790758599
44.10042231525884,-8.502998680930578,14.09111093102787
44.09693581715496,-8.503553617780339,14.087993979310385
44.092116801243705,-8.488898200363318,14.073992275659538
44.09315245167205,-8.476525620752401,14.0598825278814
44.09345764219476,-8.462522281181116,14.051526612887283
