0.00948561219832143,0.024511764807690118,-0.0053024092758766905,0.0,0.0,0.0
0.009077945737268991,0.024695648526523555,-0.005230352960341674,0.0,0.0,0.0
0.009077945737268991,0.024695648526523555,-0.005230352960341674,0.0,0.0,0.0
0.008405843975247676,0.028352876777490505,-0.004460919671394244,0.0,0.0,0.0
0.008313555310326104,0.028504956101288975,-0.004632333470426572,0.0,0.0,0.0
0.008373643831917176,0.030596981008280455,-0.0035795288971296824,0.0,0.0,0.0
0.008373643831917176,0.030596981008280455,-0.0035795288971296824,0.0,0.0,0.0
0.008521902336068908,0.030539018079410514,-0.0035484146520608803,0.0,0.0,0.0
0.00789186213793509,0.03314656842133695,-0.0026938377944235336,0.0,0.0,0.0
0.007633706702221066,0.03314618815383489,-0.002653970086572533,0.0,0.0,0.0
0.007633706702221066,0.03314618815383489,-0.002653970086572533,0.0,0.0,0.0
0.005879097156838695,0.03845683133915967,-0.004028044874412349,0.0,0.0,0.0
0.005971407831016874,0.038253555553168825,-0.0038718366647259375,0.0,0.0,0.0
0.005971407831016874,0.038253555553168825,-0.0038718366647259375,0.0,0.0,0.0
0.006954472010486507,0.03590421255216055,-0.0014138738688861498,0.0,0.0,0.0
0.006990322812454567,0.03570379661570596,-0.0013688932893042762,0.0,0.0,0.0
0.005665408535463219,0.039263760918310894,-0.002905094491484889,0.0,0.0,0.0
0.005665408535463219,0.039263760918310894,-0.002905094491484889,0.0,0.0,0.0
0.006027757676673923,0.038875944641267826,-0.0029526427049950854,0.0,0.0,0.0
0.006083540054309057,0.038666152166751046,-0.00301052559406567,0.0,0.0,0.0
0.006083540054309057,0.038666152166751046,-0.00301052559406567,0.0,0.0,0.0
0.006111230042848967,0.03832845286053594,-0.002869521403136471,0.0,0.0,0.0
0.005913249964816413,0.03774660267188266,-0.003186030095841203,0.0,0.0,0.0
0.005894682911964069,0.03762410022058725,-0.0031483757323483804,0.0,0.0,0.0
0.005894682911964069,0.03762410022058725,-0.0031483757323483804,0.0,0.0,0.0
0.007358693105735166,0.03318438271653819,-0.0018973842951117265,0.0,0.0,0.0
0.0074709745469854335,0.03308767322217391,-0.001974398529897532,0.0,0.0,0.0
0.0074709745469854335,0.03308767322217391,-0.001974398529897532,0.0,0.0,0.0
0.007808582665524161,0.03203862492811483,-0.002289756203477071,0.0,0.0,0.0
0.007840556106127636,0.03213716826441634,-0.002294186103044235,0.0,0.0,0.0
0.007840556106127636,0.03213716826441634,-0.002294186103044235,0.0,0.0,0.0
0.007910841546471715,0.031325428348627754,-0.003104696679889516,0.0,0.0,0.0
0.007760141863820534,0.03137636243984876,-0.00312021743806672,0.0,0.0,0.0
0.007663666820610735,0.03076744909358775,-0.0034566030415829185,0.0,0.0,0.0
0.007663666820610735,0.03076744909358775,-0.0034566030415829185,0.0,0.0,0.0
0.007743533442455989,0.031043544319550108,-0.0033297706864551155,0.0,0.0,0.0
0.00773401998944881,0.030063409502822786,-0.003438349483205332,0.0,0.0,0.0
0.007809147829076642,0.03012533020063675,-0.003475527429047604,0.0,0.0,0.0
0.007809147829076642,0.03012533020063675,-0.003475527429047604,0.0,0.0,0.0
0.007797302395033487,0.029556660824236254,-0.004117188203958502,0.0,0.0,0.0
0.007644964893450008,0.02973987104824123,-0.004142849850789797,0.0,0.0,0.0
0.007644964893450008,0.02973987104824123,-0.004142849850789797,0.0,0.0,0.0
0.007619202205370963,0.029355684435824064,-0.004506624768951339,0.0,0.0,0.0
0.007884803950485358,0.02963764948803235,-0.004476923737955925,0.0,0.0,0.0
0.007691345600753866,0.02907447281422778,-0.004487836416904397,0.0,0.0,0.0
0.007691345600753866,0.02907447281422778,-0.004487836416904397,0.0,0.0,0.0
0.007779250342508939,0.02918201969032476,-0.004607905383074294,0.0,0.0,0.0
0.007839821364254441,0.028717948769699148,-0.004669714254903765,0.0,0.0,0.0
0.007839821364254441,0.028717948769699148,-0.004669714254903765,0.0,0.0,0.0
0.007679230340344065,0.02871934888708506,-0.004683483242024798,0.0,0.0,0.0
0.0075336993308953385,0.028636890299397835,-0.004922536385788411,0.0,0.0,0.0
0.007951100777935004,0.028689718194530235,-0.004774375373672016,0.0,0.0,0.0
0.007951100777935004,0.028689718194530235,-0.004774375373672016,0.0,0.0,0.0
0.008301472268677886,0.028285332411933692,-0.004234716690976956,0.0,0.0,0.0
0.008083358542049696,0.028201646234312597,-0.004279460719693204,0.0,0.0,0.0
0.008083358542049696,0.028201646234312597,-0.004279460719693204,0.0,0.0,0.0
0.008397702970462695,0.02845527941131832,-0.004539325820465297,0.0,0.0,0.0
0.008579431006872562,0.02840504065840553,-0.004487090132659984,0.0,0.0,0.0
0.008579431006872562,0.02840504065840553,-0.004487090132659984,0.0,0.0,0.0
0.008965143838500542,0.02851341222727021,-0.0044188787023565,0.0,0.0,0.0
0.009380612340146074,0.028374703094471057,-0.004204925273269631,0.0,0.0,0.0
0.008735675586343361,0.032334531683689355,-0.006390083105307487,0.0,0.0,0.0
0.008735675586343361,0.032334531683689355,-0.006390083105307487,0.0,0.0,0.0
0.008817565431114492,0.03232988182430532,-0.00639494945947443,0.0,0.0,0.0
0.009144782307828694,0.03255819901699694,-0.006396452656276176,0.0,0.0,0.0
0.008659939726787804,0.031887381284139774,-0.006550738407117271,0.0,0.0,0.0
0.008659939726787804,0.031887381284139774,-0.006550738407117271,0.0,0.0,0.0
0.008997813269181839,0.03267340958247299,-0.00669256476429211,0.0,0.0,0.0
0.009376002564218075,0.03241035468336074,-0.006466618781720691,0.0,0.0,0.0
0.009376002564218075,0.03241035468336074,-0.006466618781720691,0.0,0.0,0.0
0.009475214819964092,0.03281819890579796,-0.006059827416512471,0.0,0.0,0.0
0.009265081692830695,0.03270673815208708,-0.00623406752422687,0.0,0.0,0.0
0.009675179942371553,0.03279860987614773,-0.0062137153775276305,0.0,0.0,0.0
0.009675179942371553,0.03279860987614773,-0.0062137153775276305,0.0,0.0,0.0
0.010061222923200193,0.032533573907347825,-0.00605177117639386,0.0,0.0,0.0
0.01041871102165853,0.032846399273760866,-0.005443748227988699,0.0,0.0,0.0
0.010417331714565204,0.032906774129101965,-0.00549638300645755,0.0,0.0,0.0
0.010417331714565204,0.032906774129101965,-0.00549638300645755,0.0,0.0,0.0
0.010655129595790689,0.033174978667887406,-0.005692965497406498,0.0,0.0,0.0
0.010838666594256538,0.03308838882076684,-0.005467336714701475,0.0,0.0,0.0
0.010838666594256538,0.03308838882076684,-0.005467336714701475,0.0,0.0,0.0
0.011341352658374975,0.03309411578441996,-0.005151711809471723,0.0,0.0,0.0
0.011245894040287422,0.033080320677979703,-0.005348538222098945,0.0,0.0,0.0
0.011700906037489934,0.032891302191889175,-0.0053030298181704445,0.0,0.0,0.0
0.011700906037489934,0.032891302191889175,-0.0053030298181704445,0.0,0.0,0.0
0.012141787912119185,0.03301262547273258,-0.00510462145304842,0.0,0.0,0.0
0.01229781552011978,0.0329811095562763,-0.005094680645117086,0.0,0.0,0.0
0.01229781552011978,0.0329811095562763,-0.005094680645117086,0.0,0.0,0.0
0.012244052081292813,0.03311863316230662,-0.005004918139380518,0.0,0.0,0.0
0.012560040226467142,0.03337783637626415,-0.0048840471603541,0.0,0.0,0.0
0.012560040226467142,0.03337783637626415,-0.0048840471603541,0.0,0.0,0.0
0.013005822164988336,0.03334154571743211,-0.00512246463455382,0.0,0.0,0.0
0.013171164971997697,0.03298748924777623,-0.005568912127026993,0.0,0.0,0.0
0.012851794783030453,0.03335508224296956,-0.005719107239852699,0.0,0.0,0.0
0.012851794783030453,0.03335508224296956,-0.005719107239852699,0.0,0.0,0.0
0.012835059529865368,0.03276900075982481,-0.005466781947497017,0.0,0.0,0.0
0.012875178315277376,0.03286954953575812,-0.005231493884006216,0.0,0.0,0.0
0.012937590977219388,0.032425188861141756,-0.0052164950245318755,0.0,0.0,0.0
0.012937590977219388,0.032425188861141756,-0.0052164950245318755,0.0,0.0,0.0
0.01298370565124411,0.032679173568118364,-0.005306393612983969,0.0,0.0,0.0
0.013103811685911855,0.03230413634714823,-0.005490809145991855,0.0,0.0,0.0
0.013103811685911855,0.03230413634714823,-0.005490809145991855,0.0,0.0,0.0
0.013280906069645037,0.03240011163258438,-0.005431055484953339,0.0,0.0,0.0
0.013200481196480453,0.03250306374549284,-0.0055816715315288356,0.0,0.0,0.0
0.01297846499566927,0.031767920698319366,-0.005596775028528502,0.0,0.0,0.0
0.01297846499566927,0.031767920698319366,-0.005596775028528502,0.0,0.0,0.0
0.01285650349861887,0.031862910803325,-0.005523463808699689,0.0,0.0,0.0
0.012791560010247461,0.031538676480709994,-0.005750551329825326,0.0,0.0,0.0
0.012791560010247461,0.031538676480709994,-0.005750551329825326,0.0,0.0,0.0
0.013006690457348355,0.03165378790182825,-0.005758468695496937,0.0,0.0,0.0
0.012882288312544385,0.0317717806097019,-0.006002556809879824,0.0,0.0,0.0
0.012887029450869862,0.031839289140004945,-0.0059666943723310955,0.0,0.0,0.0
0.012887029450869862,0.031839289140004945,-0.0059666943723310955,0.0,0.0,0.0
0.013111977565136176,0.031667152772414185,-0.006130233076098241,0.0,0.0,0.0
0.013005390768831417,0.03153453125590041,-0.006177915396257163,0.0,0.0,0.0
0.013005390768831417,0.03153453125590041,-0.006177915396257163,0.0,0.0,0.0
0.013100392728521407,0.03145477059848988,-0.006094806906376111,0.0,0.0,0.0
0.013161024220543095,0.03159066326536923,-0.006107302174285497,0.0,0.0,0.0
0.013033618961336119,0.031382053750869714,-0.006024013194738076,0.0,0.0,0.0
0.013033618961336119,0.031382053750869714,-0.006024013194738076,0.0,0.0,0.0
0.012812230443047612,0.031106444102185087,-0.00632822133461838,0.0,0.0,0.0
0.012821222573067592,0.031639852406355376,-0.006405435603063909,0.0,0.0,0.0
0.012821222573067592,0.031639852406355376,-0.006405435603063909,0.0,0.0,0.0
0.013095345429267732,0.03195228819156633,-0.006323515540657653,0.0,0.0,0.0
0.013107146304219842,0.031757920717245716,-0.006287510409012933,0.0,0.0,0.0
0.01297390530006731,0.03165320039684515,-0.006379337910422055,0.0,0.0,0.0
0.01297390530006731,0.03165320039684515,-0.006379337910422055,0.0,0.0,0.0
0.013229834824126025,0.03199358323772104,-0.006003417285616929,0.0,0.0,0.0
0.013490586157867522,0.031938308932718505,-0.0059853221317878605,0.0,0.0,0.0
0.013490586157867522,0.031938308932718505,-0.0059853221317878605,0.0,0.0,0.0
0.015438614486646797,0.027443359286095537,-0.0039826339124389475,0.0,0.0,0.0
0.015796475174863007,0.027365534775616776,-0.003641131887145724,0.0,0.0,0.0
0.015741933551515437,0.027448844630781368,-0.0040205395464917556,0.0,0.0,0.0
0.015741933551515437,0.027448844630781368,-0.0040205395464917556,0.0,0.0,0.0
0.015341427243876708,0.027395761968348913,-0.004448278132669282,0.0,0.0,0.0
0.015542990732352024,0.027228464526738508,-0.004410144938438493,0.0,0.0,0.0
0.015542990732352024,0.027228464526738508,-0.004410144938438493,0.0,0.0,0.0
0.015293092321372537,0.027153260846766707,-0.0043990786426479815,0.0,0.0,0.0
0.015243854847010607,0.027042075950739125,-0.004489425940938615,0.0,0.0,0.0
0.01510001391472844,0.026979977232038214,-0.0046374378275570415,0.0,0.0,0.0
0.01510001391472844,0.026979977232038214,-0.0046374378275570415,0.0,0.0,0.0
0.013965143960612002,0.030150728315518283,-0.0063185020609593965,0.0,0.0,0.0
0.013530966287709752,0.03020218196059086,-0.006546349010933077,0.0,0.0,0.0
0.013530966287709752,0.03020218196059086,-0.006546349010933077,0.0,0.0,0.0
0.01330075213229866,0.03052200749736805,-0.006685559148341399,0.0,0.0,0.0
0.013253646559829503,0.03058502798299501,-0.006606983355059428,0.0,0.0,0.0
0.013480302741092279,0.03002884426053604,-0.005817921816548525,0.0,0.0,0.0
0.013480302741092279,0.03002884426053604,-0.005817921816548525,0.0,0.0,0.0
0.013568333187744395,0.030235501907711113,-0.005707276084271222,0.0,0.0,0.0
0.0149467847346763,0.026874989420367756,-0.003708877212002265,0.0,0.0,0.0
0.0149467847346763,0.026874989420367756,-0.003708877212002265,0.0,0.0,0.0
0.0149371439000277,0.02700394576612929,-0.0037965431963168372,0.0,0.0,0.0
0.015014343237143409,0.027093086075332316,-0.0038208218148225973,0.0,0.0,0.0
0.014862291850804166,0.02720650679739114,-0.004019005023711429,0.0,0.0,0.0
0.014862291850804166,0.02720650679739114,-0.004019005023711429,0.0,0.0,0.0
0.014815789021676224,0.027037268757685917,-0.003758158570201288,0.0,0.0,0.0
0.014974229905261916,0.02698767539114984,-0.003684171269558875,0.0,0.0,0.0
0.014974229905261916,0.02698767539114984,-0.003684171269558875,0.0,0.0,0.0
0.014470643321550958,0.026981169684772592,-0.004166403372274375,0.0,0.0,0.0
0.014334850902569496,0.02697203828948687,-0.004152111488768775,0.0,0.0,0.0
0.014193236624427941,0.02690532983331884,-0.004204938784048831,0.0,0.0,0.0
0.014193236624427941,0.02690532983331884,-0.004204938784048831,0.0,0.0,0.0
0.014128884377493794,0.026912160670159523,-0.0044077499240739145,0.0,0.0,0.0
0.013726521325680002,0.026669892059916735,-0.0046273241161259755,0.0,0.0,0.0
0.013794629717091573,0.026818551820552993,-0.004519795976700435,0.0,0.0,0.0
0.013794629717091573,0.026818551820552993,-0.004519795976700435,0.0,0.0,0.0
0.01392310880054347,0.0266292739905716,-0.00493308989062756,0.0,0.0,0.0
0.013889799531136091,0.026639039587539597,-0.004768178466006766,0.0,0.0,0.0
0.013889799531136091,0.026639039587539597,-0.004768178466006766,0.0,0.0,0.0
0.01404915556473646,0.026220782826377267,-0.004585543363875977,0.0,0.0,0.0
0.01441543142302402,0.026288802812500664,-0.004491826749588867,0.0,0.0,0.0
0.014965940479322965,0.026100643977643365,-0.004596153331694809,0.0,0.0,0.0
0.014965940479322965,0.026100643977643365,-0.004596153331694809,0.0,0.0,0.0
0.014803516077554407,0.026138160275994707,-0.0046623928069841536,0.0,0.0,0.0
0.016011153712538004,0.02615021095831359,-0.004843448497834349,0.0,0.0,0.0
0.016011153712538004,0.02615021095831359,-0.004843448497834349,0.0,0.0,0.0
0.015742703964099946,0.02616561702215633,-0.0048268373991899385,0.0,0.0,0.0
0.016253534843502487,0.03009384339497116,-0.007323082412661644,0.0,0.0,0.0
0.017058313158005697,0.03016009132987505,-0.007379094699682496,0.0,0.0,0.0
0.017058313158005697,0.03016009132987505,-0.007379094699682496,0.0,0.0,0.0
0.020794139277954968,0.02973746463736359,-0.006953638024648643,0.0,0.0,0.0
0.02077067635597364,0.029730827291402914,-0.006885044543720877,0.0,0.0,0.0
0.02077067635597364,0.029730827291402914,-0.006885044543720877,0.0,0.0,0.0
0.025767307500176875,0.029021883092610064,-0.006390341779503677,0.0,0.0,0.0
0.02637052469537148,0.02917016664479592,-0.0062036297553578765,0.0,0.0,0.0
0.030946744956113503,0.02741437270119321,-0.004895075451929682,0.0,0.0,0.0
0.030946744956113503,0.02741437270119321,-0.004895075451929682,0.0,0.0,0.0
0.03137438338905663,0.02758987134162216,-0.0049704308331909525,0.0,0.0,0.0
0.04005623032567214,0.026607350764250127,-0.0034045787904964193,0.0,0.0,0.0
0.04005623032567214,0.026607350764250127,-0.0034045787904964193,0.0,0.0,0.0
0.04025102110294243,0.026868301213524844,-0.0033514470510933765,0.0,0.0,0.0
0.04905336238237613,0.02518044840129696,-0.0008737457741558542,0.0,0.0,0.0
0.04970065619894538,0.02515868227097639,-0.0006046501918931844,0.0,0.0,0.0
0.04970065619894538,0.02515868227097639,-0.0006046501918931844,0.0,0.0,0.0
0.05793164499911272,0.021979900505114107,0.001796184625095538,0.0,0.0,0.0
0.05857332453030314,0.022222864075735135,0.0020344610847688642,0.0,0.0,0.0
0.05857332453030314,0.022222864075735135,0.0020344610847688642,0.0,0.0,0.0
0.06331267638884167,0.020109605054727225,0.0029243963123775966,0.0,0.0,0.0
0.06394751657492004,0.019893356193581378,0.002939496496328576,0.0,0.0,0.0
0.07043968238639556,0.016963252452087026,0.004781612544722644,0.0,0.0,0.0
0.07043968238639556,0.016963252452087026,0.004781612544722644,0.0,0.0,0.0
0.0707770568214076,0.01717421398148373,0.004805339660195172,0.0,0.0,0.0
0.07704986024680684,0.014567683757538811,0.006099398496210951,0.0,0.0,0.0
0.07704986024680684,0.014567683757538811,0.006099398496210951,0.0,0.0,0.0
0.07764116345095125,0.014251499457472068,0.006284268099285418,0.0,0.0,0.0
0.0836747901384544,0.011168538349819884,0.007626864579433387,0.0,0.0,0.0
0.08386046140555614,0.011325327244636111,0.007518297233475481,0.0,0.0,0.0
0.08386046140555614,0.011325327244636111,0.007518297233475481,0.0,0.0,0.0
0.08937133094890641,0.0086695803226157,0.008765540997707507,0.0,0.0,0.0
0.08926517911269288,0.008434819793437725,0.008678106035646976,0.0,0.0,0.0
0.09277444078780103,0.006932388518986528,0.00959977950552549,0.0,0.0,0.0
0.09277444078780103,0.006932388518986528,0.00959977950552549,0.0,0.0,0.0
0.09270318477287771,0.006915777202233618,0.00959346122961273,0.0,0.0,0.0
0.09797017011214525,0.0049486515215101685,0.011110617933244377,0.0,0.0,0.0
0.09797017011214525,0.0049486515215101685,0.011110617933244377,0.0,0.0,0.0
0.09810221973275801,0.004815043662678132,0.010921244471734882,0.0,0.0,0.0
0.10211315028727762,0.0037246488632923483,0.011246107853018692,0.0,0.0,0.0
0.10244549131566226,0.003697376407995299,0.011049142414497228,0.0,0.0,0.0
0.10244549131566226,0.003697376407995299,0.011049142414497228,0.0,0.0,0.0
0.10650866308871,0.0031386428429713686,0.012582293326757662,0.0,0.0,0.0
0.10661923947013541,0.0030895995884396956,0.012590884950835561,0.0,0.0,0.0
0.10661923947013541,0.0030895995884396956,0.012590884950835561,0.0,0.0,0.0
0.11070118002637865,0.0033351223501920046,0.01353963724975935,0.0,0.0,0.0
0.11053302144278701,0.0032098138421519607,0.013568056360404129,0.0,0.0,0.0
0.11270359072467794,0.0035060216606762943,0.01442356133598854,0.0,0.0,0.0
0.11270359072467794,0.0035060216606762943,0.01442356133598854,0.0,0.0,0.0
0.11280373312677712,0.0035261962074413515,0.014417832984125696,0.0,0.0,0.0
0.11558205515693114,0.0037748437358713516,0.015760776175095133,0.0,0.0,0.0
0.11558205515693114,0.0037748437358713516,0.015760776175095133,0.0,0.0,0.0
0.11555196128174146,0.0037737015179926674,0.015676943821631397,0.0,0.0,0.0
0.11801813847665649,0.004493364163314537,0.01631060086621572,0.0,0.0,0.0
0.11750868113670263,0.004519344936335498,0.01608521637262375,0.0,0.0,0.0
0.11750868113670263,0.004519344936335498,0.01608521637262375,0.0,0.0,0.0
0.11972155322924194,0.005682765435629254,0.016363355928336137,0.0,0.0,0.0
0.1193775145956046,0.005559937143315778,0.01647159120427829,0.0,0.0,0.0
0.1193775145956046,0.005559937143315778,0.01647159120427829,0.0,0.0,0.0
0.12208734227345115,0.006469604157438634,0.01707571019222051,0.0,0.0,0.0
0.12191990785150987,0.006601709989628243,0.016833791461363067,0.0,0.0,0.0
0.1247368677048522,0.007131764158304383,0.017608450341183583,0.0,0.0,0.0
0.1247368677048522,0.007131764158304383,0.017608450341183583,0.0,0.0,0.0
0.12435079982519692,0.007072741116041712,0.017571547323919814,0.0,0.0,0.0
0.12472399818107206,0.007134336751005333,0.017584778925936146,0.0,0.0,0.0
0.12472399818107206,0.007134336751005333,0.017584778925936146,0.0,0.0,0.0
0.13046338680119,0.008644961031830394,0.01833814566231718,0.0,0.0,0.0
0.13058657220335268,0.00862524645052925,0.01833402413055882,0.0,0.0,0.0
0.13320998169803758,0.009100913289499026,0.018525532918236606,0.0,0.0,0.0
0.13320998169803758,0.009100913289499026,0.018525532918236606,0.0,0.0,0.0
0.13277011995363897,0.008827770635415238,0.01828979311248279,0.0,0.0,0.0
0.1373396831261931,0.009415551166363948,0.019123619761058846,0.0,0.0,0.0
0.1373396831261931,0.009415551166363948,0.019123619761058846,0.0,0.0,0.0
0.1369284816162469,0.009425302923650555,0.01921665848252514,0.0,0.0,0.0
0.14102694572076518,0.01012770608580044,0.019520360688000983,0.0,0.0,0.0
0.14131765790598366,0.010147299577482663,0.019484218597417873,0.0,0.0,0.0
0.14131765790598366,0.010147299577482663,0.019484218597417873,0.0,0.0,0.0
0.1453229977003348,0.010454066071058594,0.020139969108601108,0.0,0.0,0.0
0.14563138346657345,0.010391741574641119,0.020304353447645015,0.0,0.0,0.0
0.14876878894003778,0.010298805271867238,0.02045825016683468,0.0,0.0,0.0
0.14876878894003778,0.010298805271867238,0.02045825016683468,0.0,0.0,0.0
0.14823848227136543,0.01056472017790957,0.020282037048403468,0.0,0.0,0.0
0.15274079310484856,0.01013728578463494,0.021621019664068614,0.0,0.0,0.0
0.15274079310484856,0.01013728578463494,0.021621019664068614,0.0,0.0,0.0
0.15311103097297718,0.009614522969573673,0.02204627433161822,0.0,0.0,0.0
0.1578973515039255,0.010318572352424933,0.02304667105660196,0.0,0.0,0.0
0.15770681662768238,0.010819693109833448,0.022643463080470695,0.0,0.0,0.0
0.15770681662768238,0.010819693109833448,0.022643463080470695,0.0,0.0,0.0
0.16284686272422227,0.010760160229075303,0.02274205217162546,0.0,0.0,0.0
0.1627426705943745,0.010694594716361455,0.022824335134703864,0.0,0.0,0.0
0.1627426705943745,0.010694594716361455,0.022824335134703864,0.0,0.0,0.0
0.16738308822174236,0.010993203124685132,0.021963504104820734,0.0,0.0,0.0
0.1679972051322822,0.010869780593639227,0.02207645660284966,0.0,0.0,0.0
0.17168933291989824,0.011187435680882563,0.022268253595884337,0.0,0.0,0.0
0.17168933291989824,0.011187435680882563,0.022268253595884337,0.0,0.0,0.0
0.17156675698454107,0.011329342619387606,0.022172620038375314,0.0,0.0,0.0
0.1767417231966991,0.011316598251263707,0.022658416734536013,0.0,0.0,0.0
0.177229200725195,0.011085772833216559,0.02284442605677294,0.0,0.0,0.0
0.177229200725195,0.011085772833216559,0.02284442605677294,0.0,0.0,0.0
0.18209149951845496,0.010506377649194239,0.02297959040519634,0.0,0.0,0.0
0.1817542141686132,0.010542338426339741,0.022925265505234365,0.0,0.0,0.0
0.1817542141686132,0.010542338426339741,0.022925265505234365,0.0,0.0,0.0
0.18642562693826686,0.010168412908461403,0.02299455443669941,0.0,0.0,0.0
0.18633049435428095,0.010046327094313402,0.02273805889832125,0.0,0.0,0.0
0.18881098617089973,0.010142229563437865,0.02266193041558937,0.0,0.0,0.0
0.18881098617089973,0.010142229563437865,0.02266193041558937,0.0,0.0,0.0
0.18939529659082657,0.009858212183715775,0.022930101724621076,0.0,0.0,0.0
0.192316692851769,0.009254090242507795,0.024258612633901982,0.0,0.0,0.0
0.192316692851769,0.009254090242507795,0.024258612633901982,0.0,0.0,0.0
0.19167078552322572,0.009209540801207493,0.024151641589849414,0.0,0.0,0.0
0.19517955209104168,0.008954184954087,0.023717031171807693,0.0,0.0,0.0
0.19520334233503248,0.008881567984908634,0.023625873581921142,0.0,0.0,0.0
0.19520334233503248,0.008881567984908634,0.023625873581921142,0.0,0.0,0.0
0.19800566397089855,0.008281933984731838,0.02381585922225661,0.0,0.0,0.0
0.197912457067589,0.008157795608273144,0.023802237056153957,0.0,0.0,0.0
0.197912457067589,0.008157795608273144,0.023802237056153957,0.0,0.0,0.0
0.20041072610456195,0.007549222431991293,0.0234131984243045,0.0,0.0,0.0
0.20030851688062956,0.007618358018314917,0.02342213692847878,0.0,0.0,0.0
0.20030851688062956,0.007618358018314917,0.02342213692847878,0.0,0.0,0.0
0.2029060036363885,0.007257479278215371,0.023638667719610224,0.0,0.0,0.0
0.20322248983856023,0.0071207554457203125,0.02379597969236945,0.0,0.0,0.0
0.20561674752207837,0.006272936263427813,0.02373084781991251,0.0,0.0,0.0
0.20561674752207837,0.006272936263427813,0.02373084781991251,0.0,0.0,0.0
0.20511257100341176,0.006529309624767973,0.023719070235799864,0.0,0.0,0.0
0.20731348214267686,0.00609656611921821,0.023623505421470854,0.0,0.0,0.0
0.20761375179672034,0.005917101926818316,0.023716594734477063,0.0,0.0,0.0
0.20761375179672034,0.005917101926818316,0.023716594734477063,0.0,0.0,0.0
0.20948419525229692,0.005500149314885888,0.02273491162879859,0.0,0.0,0.0
0.20894080885677982,0.0053650700291527475,0.02278513370928467,0.0,0.0,0.0
0.20894080885677982,0.0053650700291527475,0.02278513370928467,0.0,0.0,0.0
0.21005678498342673,0.004601656924381766,0.022822376925603353,0.0,0.0,0.0
0.2099950136278191,0.004884948794020279,0.022435043024178713,0.0,0.0,0.0
0.2115386944472706,0.004490562186798012,0.021842610418500497,0.0,0.0,0.0
0.2115386944472706,0.004490562186798012,0.021842610418500497,0.0,0.0,0.0
0.21147570190307044,0.004615780751073977,0.021905378000354685,0.0,0.0,0.0
0.2133835809019557,0.0040603335010179,0.02237056372652925,0.0,0.0,0.0
0.21345207099418867,0.0040794262488280456,0.0224361503407609,0.0,0.0,0.0
0.21345207099418867,0.0040794262488280456,0.0224361503407609,0.0,0.0,0.0
0.21577402209009444,0.003770698098537988,0.022534161673154793,0.0,0.0,0.0
0.2157722460109082,0.003924442865808664,0.022589509359133647,0.0,0.0,0.0
0.2157722460109082,0.003924442865808664,0.022589509359133647,0.0,0.0,0.0
0.2187102147182155,0.0035405465340913067,0.021970038480194805,0.0,0.0,0.0
0.21891858150458474,0.003546045149723876,0.02175043872045854,0.0,0.0,0.0
0.22061214289824937,0.003590129474338463,0.02189887870874113,0.0,0.0,0.0
0.22061214289824937,0.003590129474338463,0.02189887870874113,0.0,0.0,0.0
0.22070902393782862,0.0034200007181179794,0.022106716688217776,0.0,0.0,0.0
0.2235241181550243,0.003801081166969749,0.022048016899293223,0.0,0.0,0.0
0.22287530446656142,0.004034528892171956,0.021754411329028434,0.0,0.0,0.0
0.22287530446656142,0.004034528892171956,0.021754411329028434,0.0,0.0,0.0
0.22612559131835097,0.003934113444160087,0.0222896857880465,0.0,0.0,0.0
0.22636782018201984,0.003765134913239854,0.022135534313741056,0.0,0.0,0.0
0.22636782018201984,0.003765134913239854,0.022135534313741056,0.0,0.0,0.0
0.2289266044041743,0.0035518725848817803,0.022564870570386305,0.0,0.0,0.0
0.22889300176657223,0.003493661242218014,0.022537444822662213,0.0,0.0,0.0
0.2305601358641196,0.0033364867155195104,0.022821760740880624,0.0,0.0,0.0
0.2305601358641196,0.0033364867155195104,0.022821760740880624,0.0,0.0,0.0
0.230624892391996,0.003424259478877786,0.022931082285320762,0.0,0.0,0.0
0.23308277809662045,0.0036470841468398676,0.023663896944711844,0.0,0.0,0.0
0.23308277809662045,0.0036470841468398676,0.023663896944711844,0.0,0.0,0.0
0.2332683943510728,0.003415836858742336,0.0237954314424975,0.0,0.0,0.0
0.23551723659468787,0.0036336351045482967,0.024378895066164773,0.0,0.0,0.0
0.23561975675520522,0.003644169861313861,0.02415093202162301,0.0,0.0,0.0
0.23561975675520522,0.003644169861313861,0.02415093202162301,0.0,0.0,0.0
0.23808964958357615,0.004529601875332003,0.024062586016894365,0.0,0.0,0.0
0.23808865230539622,0.004514725602043642,0.024011240826484433,0.0,0.0,0.0
0.24099119283612686,0.004972284725020875,0.024100007180337748,0.0,0.0,0.0
0.24099119283612686,0.004972284725020875,0.024100007180337748,0.0,0.0,0.0
0.240979024472904,0.004680584282485551,0.024188626619945836,0.0,0.0,0.0
0.2425428945195177,0.005101186467105125,0.024877391937981448,0.0,0.0,0.0
0.2425428945195177,0.005101186467105125,0.024877391937981448,0.0,0.0,0.0
0.24278628316775994,0.0052083696711276405,0.02490359186804308,0.0,0.0,0.0
0.24390264256123725,0.005461306763001883,0.02495005977263521,0.0,0.0,0.0
0.24344109771028896,0.005226931174751598,0.024869955977126216,0.0,0.0,0.0
0.24344109771028896,0.005226931174751598,0.024869955977126216,0.0,0.0,0.0
0.24469712668398588,0.0054954417315877645,0.025384532296703392,0.0,0.0,0.0
0.24468065504376751,0.005329178099899697,0.025290482776263556,0.0,0.0,0.0
0.24468065504376751,0.005329178099899697,0.025290482776263556,0.0,0.0,0.0
0.24538503478644022,0.005603684755391535,0.025271687493152947,0.0,0.0,0.0
0.24558146401485664,0.005635646281584755,0.025192790432757177,0.0,0.0,0.0
0.24665562923613185,0.005867273266300968,0.025646125359821498,0.0,0.0,0.0
0.24665562923613185,0.005867273266300968,0.025646125359821498,0.0,0.0,0.0
0.24629972216743984,0.005685740395157213,0.025658937825190485,0.0,0.0,0.0
0.2472332696968764,0.006048119356384593,0.026226829506601664,0.0,0.0,0.0
0.24744791509389127,0.006297734526607194,0.02609663904558635,0.0,0.0,0.0
0.24744791509389127,0.006297734526607194,0.02609663904558635,0.0,0.0,0.0
0.24787778139304925,0.006461841027826719,0.02603960842662593,0.0,0.0,0.0
0.24803410958060645,0.006461389080831957,0.02616704617324641,0.0,0.0,0.0
0.24803410958060645,0.006461389080831957,0.02616704617324641,0.0,0.0,0.0
0.24845190034569056,0.006757995976985128,0.02628268104479507,0.0,0.0,0.0
0.24861631621988112,0.006776363815945905,0.026205962724778608,0.0,0.0,0.0
0.24930392544725108,0.006738705009210688,0.026923233734073158,0.0,0.0,0.0
0.24930392544725108,0.006738705009210688,0.026923233734073158,0.0,0.0,0.0
0.2491780372254095,0.006777387931885208,0.026669024666978965,0.0,0.0,0.0
0.24966973030553236,0.006930645552634339,0.02678375053646576,0.0,0.0,0.0
0.24974833253839204,0.006918961192514397,0.0269398815261317,0.0,0.0,0.0
0.24974833253839204,0.006918961192514397,0.0269398815261317,0.0,0.0,0.0
0.24975415607568566,0.006717957991290892,0.027185220222682133,0.0,0.0,0.0
0.24953013826604162,0.006739267902364869,0.02717864516889252,0.0,0.0,0.0
0.24953013826604162,0.006739267902364869,0.02717864516889252,0.0,0.0,0.0
0.2495467642280092,0.006861623086784509,0.027408191355906168,0.0,0.0,0.0
0.24948149107527928,0.007029322858140214,0.02754231147623084,0.0,0.0,0.0
0.2495224670532834,0.007101206860706549,0.02749747619072704,0.0,0.0,0.0
0.2495224670532834,0.007101206860706549,0.02749747619072704,0.0,0.0,0.0
0.24944079375325987,0.006932875584036129,0.027330863922339382,0.0,0.0,0.0
0.24907933351871947,0.007059535424016712,0.02738332447292096,0.0,0.0,0.0
0.24907933351871947,0.007059535424016712,0.02738332447292096,0.0,0.0,0.0
0.24881102167696778,0.007038935035397634,0.027657093158034114,0.0,0.0,0.0
0.2486128803121298,0.007035727124193059,0.027633805664658777,0.0,0.0,0.0
0.2485185433550849,0.006850859678673543,0.027691091686923918,0.0,0.0,0.0
0.2485185433550849,0.006850859678673543,0.027691091686923918,0.0,0.0,0.0
0.24836315419993577,0.0070117443741289365,0.027488772694659783,0.0,0.0,0.0
0.24847980309485265,0.00700751866480041,0.027133998358770322,0.0,0.0,0.0
0.24847980309485265,0.00700751866480041,0.027133998358770322,0.0,0.0,0.0
0.24871628681050859,0.006888508348327644,0.027073783104808593,0.0,0.0,0.0
0.24894720096341777,0.006481376261359984,0.027387859232663608,0.0,0.0,0.0
0.24924403080335347,0.006626138824518919,0.02763499786955915,0.0,0.0,0.0
0.24924403080335347,0.006626138824518919,0.02763499786955915,0.0,0.0,0.0
0.24950343366408062,0.006839853355496711,0.027252332426833673,0.0,0.0,0.0
0.2495845813141952,0.0067460805824721935,0.027249509632334024,0.0,0.0,0.0
0.2495845813141952,0.0067460805824721935,0.027249509632334024,0.0,0.0,0.0
0.2495536927665466,0.006714069028336081,0.027153871710335398,0.0,0.0,0.0
0.24993007677096485,0.006647847834417488,0.026997331458292674,0.0,0.0,0.0
0.2500121756298648,0.006832591303359206,0.026819325303558846,0.0,0.0,0.0
0.2500121756298648,0.006832591303359206,0.026819325303558846,0.0,0.0,0.0
0.24966636495142921,0.006801839616004043,0.026958652886656737,0.0,0.0,0.0
0.2493875492140551,0.006840113966093123,0.027332599894983843,0.0,0.0,0.0
0.2493875492140551,0.006840113966093123,0.027332599894983843,0.0,0.0,0.0
0.24951739726505523,0.0068197212016219,0.027300547365582347,0.0,0.0,0.0
0.24913436733970207,0.007310531700814332,0.02693914373209259,0.0,0.0,0.0
0.24925668160280628,0.007361766530423027,0.02691787485856611,0.0,0.0,0.0
0.24925668160280628,0.007361766530423027,0.02691787485856611,0.0,0.0,0.0
0.24904363431281282,0.007584586153927734,0.02700249102303183,0.0,0.0,0.0
0.24908628513322534,0.007545797301680295,0.027122425203480738,0.0,0.0,0.0
0.24908628513322534,0.007545797301680295,0.027122425203480738,0.0,0.0,0.0
0.24897189178462903,0.007697426630896335,0.02724955179856199,0.0,0.0,0.0
0.24929095624561962,0.007638835840873425,0.027304511795061354,0.0,0.0,0.0
0.2493175937242774,0.007864969443408754,0.02717674682013408,0.0,0.0,0.0
0.2493175937242774,0.007864969443408754,0.02717674682013408,0.0,0.0,0.0
0.2495408161167913,0.007727410307207493,0.027202413555103444,0.0,0.0,0.0
0.24951660200449688,0.007819218401593697,0.02711979522440607,0.0,0.0,0.0
0.24954719030403943,0.007860759282732823,0.027080991774969167,0.0,0.0,0.0
0.24954719030403943,0.007860759282732823,0.027080991774969167,0.0,0.0,0.0
0.24918167162338728,0.008048205311539455,0.02683150111412495,0.0,0.0,0.0
0.24917494598230447,0.00784244086923546,0.026712329976839887,0.0,0.0,0.0
0.24917494598230447,0.00784244086923546,0.026712329976839887,0.0,0.0,0.0
0.24871649952137992,0.007700281669146822,0.027000468400849062,0.0,0.0,0.0
0.24911912492894137,0.0077717189135159,0.026929104925761175,0.0,0.0,0.0
0.24854487622507815,0.007646694992189121,0.026808084708653823,0.0,0.0,0.0
0.24854487622507815,0.007646694992189121,0.026808084708653823,0.0,0.0,0.0
0.24822373818557145,0.007554249496665624,0.026739647818524493,0.0,0.0,0.0
0.24779909506916692,0.007712008912056406,0.026646571527406404,0.0,0.0,0.0
0.24779909506916692,0.007712008912056406,0.026646571527406404,0.0,0.0,0.0
0.24824955054670958,0.0077584426641237846,0.026861526126728864,0.0,0.0,0.0
0.24740238606163728,0.007774095264215829,0.027290059579343717,0.0,0.0,0.0
0.24737153634167602,0.0077459187897982226,0.027075902651383335,0.0,0.0,0.0
0.24737153634167602,0.0077459187897982226,0.027075902651383335,0.0,0.0,0.0
0.24692331811591633,0.007757510854121853,0.027013548750850293,0.0,0.0,0.0
0.24689342594857358,0.007794577398708081,0.02705847922507516,0.0,0.0,0.0
0.24634538739636805,0.007770465658828661,0.026794297866529596,0.0,0.0,0.0
0.24634538739636805,0.007770465658828661,0.026794297866529596,0.0,0.0,0.0
0.24626495463016282,0.00743258244582549,0.026713289036569953,0.0,0.0,0.0
0.2458538577308677,0.007819234183059678,0.026693786123164677,0.0,0.0,0.0
0.2458538577308677,0.007819234183059678,0.026693786123164677,0.0,0.0,0.0
0.24597936234308976,0.0076529610897645315,0.026782589366503996,0.0,0.0,0.0
0.245419249598747,0.007846567293985314,0.026729283506317366,0.0,0.0,0.0
0.24528102426261109,0.007817143475934235,0.026629815803688683,0.0,0.0,0.0
0.24528102426261109,0.007817143475934235,0.026629815803688683,0.0,0.0,0.0
0.24455620333704647,0.008016397636272538,0.026616159887711977,0.0,0.0,0.0
0.24433821909883388,0.007930435720972595,0.02666848040608414,0.0,0.0,0.0
0.24433821909883388,0.007930435720972595,0.02666848040608414,0.0,0.0,0.0
0.24379968925142995,0.008126168865028767,0.026693182936850357,0.0,0.0,0.0
0.24368204237590466,0.008284246868005695,0.026567480744038356,0.0,0.0,0.0
0.24335889439617564,0.008441158587450617,0.026444659313815073,0.0,0.0,0.0
0.24335889439617564,0.008441158587450617,0.026444659313815073,0.0,0.0,0.0
0.24302161920880744,0.008403791177122578,0.026447581489176513,0.0,0.0,0.0
0.24296055876180203,0.008635296560844661,0.026311337157158055,0.0,0.0,0.0
0.24296055876180203,0.008635296560844661,0.026311337157158055,0.0,0.0,0.0
0.2426752294918201,0.008650128066873456,0.026147150960367724,0.0,0.0,0.0
0.24256537532174097,0.00854158863494615,0.0264623963864567,0.0,0.0,0.0
0.24276332284832858,0.008555034738496175,0.02655568016798827,0.0,0.0,0.0
0.24276332284832858,0.008555034738496175,0.02655568016798827,0.0,0.0,0.0
0.2431416707578289,0.008661996409831375,0.026729434764863683,0.0,0.0,0.0
0.24274855679547352,0.008618401224211208,0.02677675448746857,0.0,0.0,0.0
0.24274855679547352,0.008618401224211208,0.02677675448746857,0.0,0.0,0.0
0.24289371949416705,0.008369143701080294,0.02672689761051383,0.0,0.0,0.0
0.24277386663743059,0.008412519907058965,0.026761543036154186,0.0,0.0,0.0
0.24316066040280115,0.008348690163730734,0.026760220800984356,0.0,0.0,0.0
0.24316066040280115,0.008348690163730734,0.026760220800984356,0.0,0.0,0.0
0.2430182816717192,0.008294726627539375,0.026622829177407353,0.0,0.0,0.0
0.2436629834640408,0.008520869567835805,0.026488197986600136,0.0,0.0,0.0
0.2436629834640408,0.008520869567835805,0.026488197986600136,0.0,0.0,0.0
0.24335255093954403,0.00851038149726731,0.026592100820033368,0.0,0.0,0.0
0.2435166513362872,0.00821571036482584,0.026874023418875674,0.0,0.0,0.0
0.2435445986348917,0.008254883527051204,0.026855661940569868,0.0,0.0,0.0
0.2435445986348917,0.008254883527051204,0.026855661940569868,0.0,0.0,0.0
0.24402383153410506,0.008273789577882135,0.02675574964169952,0.0,0.0,0.0
0.24372147434891078,0.008428010052707784,0.026848996526054585,0.0,0.0,0.0
0.24372147434891078,0.008428010052707784,0.026848996526054585,0.0,0.0,0.0
0.2439791964966748,0.008808777534954217,0.026581709817388166,0.0,0.0,0.0
0.2440533380056934,0.00891307576568223,0.02639660799409064,0.0,0.0,0.0
0.24446799287783486,0.00877677365932413,0.026981674086764808,0.0,0.0,0.0
0.24446799287783486,0.00877677365932413,0.026981674086764808,0.0,0.0,0.0
0.24387411717595595,0.00874529884497861,0.027133047114584016,0.0,0.0,0.0
0.24392853617658472,0.009085304043911764,0.026975330389535306,0.0,0.0,0.0
0.24392853617658472,0.009085304043911764,0.026975330389535306,0.0,0.0,0.0
0.2444076590958132,0.009240422219231327,0.026925856311267073,0.0,0.0,0.0
0.24519583161952532,0.009180144892659689,0.027338914465654306,0.0,0.0,0.0
0.2449652246590438,0.008975917653214479,0.02741862436889282,0.0,0.0,0.0
0.2449652246590438,0.008975917653214479,0.02741862436889282,0.0,0.0,0.0
0.24527221935962595,0.009130726651344366,0.02733274077974163,0.0,0.0,0.0
0.2455507249697257,0.009124317739596731,0.02724976154639635,0.0,0.0,0.0
0.2455507249697257,0.009124317739596731,0.02724976154639635,0.0,0.0,0.0
0.24568944046575705,0.009180356860385461,0.027332392781582407,0.0,0.0,0.0
0.24558302055826559,0.009081593963761512,0.027372541520385443,0.0,0.0,0.0
0.24547064296966278,0.009396661402213508,0.027222044514100634,0.0,0.0,0.0
0.24547064296966278,0.009396661402213508,0.027222044514100634,0.0,0.0,0.0
0.24567942599043546,0.009492050537894023,0.027234487047294906,0.0,0.0,0.0
0.24509537602022854,0.009847334658789448,0.026533005809160345,0.0,0.0,0.0
0.24479970150538216,0.009678394471065171,0.02650345265195419,0.0,0.0,0.0
0.24479970150538216,0.009678394471065171,0.02650345265195419,0.0,0.0,0.0
0.2442593809766434,0.009678267758115325,0.0268803429847439,0.0,0.0,0.0
0.24432232646914873,0.009787751405648366,0.026860971632827395,0.0,0.0,0.0
0.24432232646914873,0.009787751405648366,0.026860971632827395,0.0,0.0,0.0
0.24367104263229,0.009930059632988973,0.027468813251470887,0.0,0.0,0.0
0.24377607043671662,0.010113560301684423,0.027811376382949796,0.0,0.0,0.0
0.24297233644717922,0.010319356668518673,0.02789852731955346,0.0,0.0,0.0
0.24297233644717922,0.010319356668518673,0.02789852731955346,0.0,0.0,0.0
0.243010574569451,0.010411309459171045,0.027562523026879483,0.0,0.0,0.0
0.24241489964030105,0.01066820094943093,0.027724340478823477,0.0,0.0,0.0
0.24241489964030105,0.01066820094943093,0.027724340478823477,0.0,0.0,0.0
0.24238233275788187,0.010439589301517244,0.027884337490604483,0.0,0.0,0.0
0.24161963293069358,0.010851520268655782,0.027773470412455148,0.0,0.0,0.0
0.24133243330698165,0.01101897094593192,0.027585078324573298,0.0,0.0,0.0
0.24133243330698165,0.01101897094593192,0.027585078324573298,0.0,0.0,0.0
0.24056092918450964,0.011436733145240715,0.027254711701455044,0.0,0.0,0.0
0.2408743743110928,0.011213002912186371,0.027285415043622446,0.0,0.0,0.0
0.2408743743110928,0.011213002912186371,0.027285415043622446,0.0,0.0,0.0
0.23989290752898526,0.01139656699084726,0.02738999598664687,0.0,0.0,0.0
0.23962156860428613,0.011470984293228825,0.02745764828707177,0.0,0.0,0.0
0.23971402926443686,0.011410438135236161,0.02763718250276119,0.0,0.0,0.0
0.23971402926443686,0.011410438135236161,0.02763718250276119,0.0,0.0,0.0
0.23886144158824246,0.011379824819772752,0.027669465403253508,0.0,0.0,0.0
0.2387546837825414,0.011268557191849854,0.027609289847133917,0.0,0.0,0.0
0.2387546837825414,0.011268557191849854,0.027609289847133917,0.0,0.0,0.0
0.23793735008069664,0.011280380715658232,0.027233907340220055,0.0,0.0,0.0
0.23818620070901986,0.01154057560168676,0.02701556634638585,0.0,0.0,0.0
0.2379205119569916,0.011619133550842134,0.02730847371081273,0.0,0.0,0.0
0.2379205119569916,0.011619133550842134,0.02730847371081273,0.0,0.0,0.0
0.23780544780425297,0.011601583005556722,0.027392813908615365,0.0,0.0,0.0
0.23765864932371009,0.011256204357014264,0.02762901432333829,0.0,0.0,0.0
0.23765864932371009,0.011256204357014264,0.02762901432333829,0.0,0.0,0.0
0.23786923217868786,0.01147744038596085,0.027490416583791748,0.0,0.0,0.0
0.23792653443456707,0.01190953810308118,0.027638647005952744,0.0,0.0,0.0
0.23796125530571463,0.011617910104040351,0.027906590375468568,0.0,0.0,0.0
0.23796125530571463,0.011617910104040351,0.027906590375468568,0.0,0.0,0.0
0.2379604954740697,0.011330878132564861,0.02781896629602458,0.0,0.0,0.0
0.23753310163844185,0.01144033775664649,0.027678406199117583,0.0,0.0,0.0
0.23753310163844185,0.01144033775664649,0.027678406199117583,0.0,0.0,0.0
0.23797842040547176,0.011552860565345425,0.027606239652542493,0.0,0.0,0.0
0.23832136039298857,0.011763946003572263,0.02753625162773624,0.0,0.0,0.0
0.23832136039298857,0.011763946003572263,0.02753625162773624,0.0,0.0,0.0
0.2386873709051225,0.011305762025644572,0.027679046043088747,0.0,0.0,0.0
0.23853799061171949,0.011170212722731438,0.027594972392911726,0.0,0.0,0.0
0.2390792650506706,0.011038712768352076,0.027610279081890884,0.0,0.0,0.0
0.2390792650506706,0.011038712768352076,0.027610279081890884,0.0,0.0,0.0
0.23937258313069318,0.010915563873000397,0.028114753495885016,0.0,0.0,0.0
0.23983117910233004,0.011076456809607097,0.028197078781086553,0.0,0.0,0.0
0.23983117910233004,0.011076456809607097,0.028197078781086553,0.0,0.0,0.0
0.24002422177826718,0.010936556106339772,0.02781759846246029,0.0,0.0,0.0
0.24070274628455707,0.010983696259678006,0.02789623137972112,0.0,0.0,0.0
0.24008195316555386,0.011180880719564868,0.027895134608088224,0.0,0.0,0.0
0.24008195316555386,0.011180880719564868,0.027895134608088224,0.0,0.0,0.0
0.2405483254793922,0.011393486898587869,0.027824763409788192,0.0,0.0,0.0
0.24086027853224198,0.011057106714851852,0.027998501816555874,0.0,0.0,0.0
0.24086027853224198,0.011057106714851852,0.027998501816555874,0.0,0.0,0.0
0.24125271711295782,0.011331662737726334,0.02825092788620708,0.0,0.0,0.0
0.24124487761911145,0.011420339483827157,0.028235625473428564,0.0,0.0,0.0
0.24173020985121196,0.011533465698534261,0.028584004846106473,0.0,0.0,0.0
0.24173020985121196,0.011533465698534261,0.028584004846106473,0.0,0.0,0.0
0.24136921573822828,0.01169094084112099,0.028266278065078844,0.0,0.0,0.0
0.24189875272088956,0.012012104717871513,0.028526508396830515,0.0,0.0,0.0
0.24189875272088956,0.012012104717871513,0.028526508396830515,0.0,0.0,0.0
0.2419435529630479,0.011992294516953208,0.028574156006438946,0.0,0.0,0.0
0.24197451565157468,0.012496386858099092,0.02805003810936712,0.0,0.0,0.0
0.2420444856164193,0.012554356937534324,0.02800037726808466,0.0,0.0,0.0
0.2420444856164193,0.012554356937534324,0.02800037726808466,0.0,0.0,0.0
0.24201537557184957,0.012614052449163532,0.028061957553826993,0.0,0.0,0.0
0.24185613212706825,0.012394963477956848,0.027997331843119273,0.0,0.0,0.0
0.24146060153257412,0.012211214691792288,0.028242336636616076,0.0,0.0,0.0
0.24146060153257412,0.012211214691792288,0.028242336636616076,0.0,0.0,0.0
0.24131593458438821,0.012118748089162863,0.028129070880760065,0.0,0.0,0.0
0.2410647406282515,0.012185283795686118,0.028068499710332817,0.0,0.0,0.0
0.2410647406282515,0.012185283795686118,0.028068499710332817,0.0,0.0,0.0
0.24095337159158375,0.012228789576118303,0.028075513708444143,0.0,0.0,0.0
0.24076541118470007,0.012244628691129552,0.028462349582143096,0.0,0.0,0.0
0.24117740395905343,0.012005907758706828,0.028492855954063683,0.0,0.0,0.0
0.24117740395905343,0.012005907758706828,0.028492855954063683,0.0,0.0,0.0
0.24070265590977277,0.012085055858868005,0.028618088958169835,0.0,0.0,0.0
0.2403312961428253,0.012348866256418376,0.02849505696717793,0.0,0.0,0.0
0.2403312961428253,0.012348866256418376,0.02849505696717793,0.0,0.0,0.0
0.24017037827195545,0.012535162312114552,0.02847690866972524,0.0,0.0,0.0
0.240213156796679,0.012582892506803908,0.02870726065022656,0.0,0.0,0.0
0.240113112021118,0.012906582398197121,0.02890846855380099,0.0,0.0,0.0
0.240113112021118,0.012906582398197121,0.02890846855380099,0.0,0.0,0.0
0.24014358029441615,0.012829614561571775,0.028980100950153017,0.0,0.0,0.0
0.24000177596725134,0.012752295473093336,0.028798231349606025,0.0,0.0,0.0
0.24019332153877823,0.012556472740864442,0.02881530432637929,0.0,0.0,0.0
0.24019332153877823,0.012556472740864442,0.02881530432637929,0.0,0.0,0.0
0.2399255243152247,0.012768126106323531,0.028538417458690533,0.0,0.0,0.0
0.24026201252988835,0.01264655575546273,0.028558222323751926,0.0,0.0,0.0
0.24026201252988835,0.01264655575546273,0.028558222323751926,0.0,0.0,0.0
0.24009370459165358,0.012275190733669972,0.028631522658052695,0.0,0.0,0.0
0.2397888848763007,0.012543403366817545,0.02844086641936724,0.0,0.0,0.0
0.23960636535864874,0.012372362205121746,0.028284044853755567,0.0,0.0,0.0
0.23960636535864874,0.012372362205121746,0.028284044853755567,0.0,0.0,0.0
0.23948584924664681,0.012188520195673723,0.028289458402380677,0.0,0.0,0.0
0.23935183523343026,0.012251387467165224,0.028600728461323173,0.0,0.0,0.0
0.23935183523343026,0.012251387467165224,0.028600728461323173,0.0,0.0,0.0
0.23897118779077717,0.012561961003688312,0.028665250166215895,0.0,0.0,0.0
0.23889008516603258,0.012474965294342376,0.028946976718468454,0.0,0.0,0.0
0.2389155459941694,0.012511188489829102,0.028902747899103926,0.0,0.0,0.0
0.2389155459941694,0.012511188489829102,0.028902747899103926,0.0,0.0,0.0
0.2393583819052618,0.012475247884512708,0.028520114685731107,0.0,0.0,0.0
0.23930488512863163,0.012385752875991354,0.028432715220958867,0.0,0.0,0.0
0.23975123226576125,0.012452184403464033,0.028673721478039066,0.0,0.0,0.0
0.23975123226576125,0.012452184403464033,0.028673721478039066,0.0,0.0,0.0
0.23968065170910605,0.012493901263642788,0.028836344835245158,0.0,0.0,0.0
0.23987172300272772,0.012670982775839027,0.028506875047627115,0.0,0.0,0.0
0.23987172300272772,0.012670982775839027,0.028506875047627115,0.0,0.0,0.0
0.24033530072106946,0.012601094498886608,0.028492427691031975,0.0,0.0,0.0
0.24084077809891702,0.012595426270235386,0.028365774677555543,0.0,0.0,0.0
0.24072125190595287,0.012639587819990694,0.028268433403517628,0.0,0.0,0.0
0.24072125190595287,0.012639587819990694,0.028268433403517628,0.0,0.0,0.0
0.24138519765512928,0.013112356612076345,0.028446452450349234,0.0,0.0,0.0
0.241386522187348,0.013231856434193,0.028434321542727667,0.0,0.0,0.0
0.24136428184579203,0.012676278015859962,0.02856480274804877,0.0,0.0,0.0
0.24136428184579203,0.012676278015859962,0.02856480274804877,0.0,0.0,0.0
0.24107494071007857,0.01260040927125181,0.028561507584344094,0.0,0.0,0.0
0.24113861307637463,0.012646370033523733,0.02885372617411482,0.0,0.0,0.0
0.24113861307637463,0.012646370033523733,0.02885372617411482,0.0,0.0,0.0
0.24142811644583043,0.0122932719574762,0.028966199305662955,0.0,0.0,0.0
0.24163934503139814,0.012329541173819377,0.029186315682198087,0.0,0.0,0.0
0.24134833302112446,0.01253319214320157,0.028893773726178528,0.0,0.0,0.0
0.24134833302112446,0.01253319214320157,0.028893773726178528,0.0,0.0,0.0
0.24135151315207728,0.012272998549838349,0.029343173464615614,0.0,0.0,0.0
0.24113169676978502,0.012391353932878161,0.029534796532983448,0.0,0.0,0.0
0.24113169676978502,0.012391353932878161,0.029534796532983448,0.0,0.0,0.0
0.241444353024437,0.012756130561265394,0.029715712872007933,0.0,0.0,0.0
0.24163893430812808,0.012883211424136353,0.029598321582764275,0.0,0.0,0.0
0.24198031447899404,0.012988562801965644,0.02992495381936422,0.0,0.0,0.0
0.24198031447899404,0.012988562801965644,0.02992495381936422,0.0,0.0,0.0
0.24182374340395538,0.012971447824552236,0.029889406240459243,0.0,0.0,0.0
0.24338178545252992,0.010360967675056214,0.03293817906269782,0.0,0.0,0.0
0.24351240915228195,0.010382620172652854,0.032973826003186775,0.0,0.0,0.0
0.24351240915228195,0.010382620172652854,0.032973826003186775,0.0,0.0,0.0
0.24389099365751934,0.010740162806630982,0.03304294425605885,0.0,0.0,0.0
0.24377890779528186,0.010693060474335816,0.03302507379007358,0.0,0.0,0.0
0.24377890779528186,0.010693060474335816,0.03302507379007358,0.0,0.0,0.0
0.24369723260160261,0.010618000988703724,0.0326021123629711,0.0,0.0,0.0
0.243695900845216,0.010384417620117168,0.03264420280127063,0.0,0.0,0.0
0.24363783205872494,0.010382528424901272,0.03290710250086567,0.0,0.0,0.0
0.24363783205872494,0.010382528424901272,0.03290710250086567,0.0,0.0,0.0
0.24411583366887812,0.010276553559130352,0.03284973977573928,0.0,0.0,0.0
0.24361899754602928,0.01022853381430684,0.03311083865276522,0.0,0.0,0.0
0.24361899754602928,0.01022853381430684,0.03311083865276522,0.0,0.0,0.0
0.24315146761440282,0.01028755822532936,0.03294535862113284,0.0,0.0,0.0
0.24298146390664,0.010308794440848684,0.03287294138808875,0.0,0.0,0.0
0.24276063259019243,0.010182223300340772,0.03292130743604951,0.0,0.0,0.0
0.24276063259019243,0.010182223300340772,0.03292130743604951,0.0,0.0,0.0
0.24239776641455046,0.010314117729787907,0.033366078408202465,0.0,0.0,0.0
0.24227077332341587,0.01043116858511164,0.033363937544500864,0.0,0.0,0.0
0.24227077332341587,0.01043116858511164,0.033363937544500864,0.0,0.0,0.0
0.24229909135940322,0.010923782599510266,0.033571505113780445,0.0,0.0,0.0
0.24221360926145583,0.010850554462440244,0.033645626043551785,0.0,0.0,0.0
0.242325525356481,0.011087783936857559,0.033661987914206874,0.0,0.0,0.0
0.242325525356481,0.011087783936857559,0.033661987914206874,0.0,0.0,0.0
0.2424264611326634,0.010786151336590603,0.033578919893154494,0.0,0.0,0.0
0.2425116907298736,0.010923186687412921,0.033407875898192774,0.0,0.0,0.0
0.2425116907298736,0.010923186687412921,0.033407875898192774,0.0,0.0,0.0
0.2427786435542486,0.011439033459126384,0.03331463245048203,0.0,0.0,0.0
0.24255651930858477,0.011280118867198116,0.033519907760488535,0.0,0.0,0.0
0.24255936779109413,0.011398283755289744,0.033457060094041195,0.0,0.0,0.0
0.24255936779109413,0.011398283755289744,0.033457060094041195,0.0,0.0,0.0
0.2425422224643563,0.011267413942061724,0.033415907878493384,0.0,0.0,0.0
0.2423042733763734,0.011267093610090978,0.03330095414725001,0.0,0.0,0.0
0.2423042733763734,0.011267093610090978,0.03330095414725001,0.0,0.0,0.0
0.24189316888219306,0.011434483604353025,0.033358409061345906,0.0,0.0,0.0
0.24198877586747689,0.011165383463008521,0.033423386589727225,0.0,0.0,0.0
0.24213189096278756,0.011013817097949729,0.03340291702388414,0.0,0.0,0.0
0.24213189096278756,0.011013817097949729,0.03340291702388414,0.0,0.0,0.0
0.24210051752735823,0.011034189526022753,0.03317494611657718,0.0,0.0,0.0
0.24209886158716912,0.011105711248353842,0.03315030064175345,0.0,0.0,0.0
0.24209886158716912,0.011105711248353842,0.03315030064175345,0.0,0.0,0.0
0.24247009643994255,0.010819910530297195,0.033399435347152624,0.0,0.0,0.0
0.2421760279625001,0.010909672594515111,0.03359822789412776,0.0,0.0,0.0
0.24252010441515862,0.011051381265733332,0.033695078363504695,0.0,0.0,0.0
0.24252010441515862,0.011051381265733332,0.033695078363504695,0.0,0.0,0.0
0.24250681905725044,0.01122397553124144,0.03356964682893061,0.0,0.0,0.0
0.24295831582654007,0.011198371601049837,0.03374134087345992,0.0,0.0,0.0
0.24295831582654007,0.011198371601049837,0.03374134087345992,0.0,0.0,0.0
0.24293490084470262,0.011086564280035847,0.0338238271493161,0.0,0.0,0.0
0.24336368032039513,0.010995351927375543,0.03399599593378229,0.0,0.0,0.0
0.24309766536585872,0.011041602733747699,0.03405679541177943,0.0,0.0,0.0
0.24309766536585872,0.011041602733747699,0.03405679541177943,0.0,0.0,0.0
0.24338388527356306,0.011077297308655679,0.033957048777786214,0.0,0.0,0.0
0.24357841155475526,0.01111899462935554,0.03385511324478426,0.0,0.0,0.0
0.24357841155475526,0.01111899462935554,0.03385511324478426,0.0,0.0,0.0
0.2436820581694636,0.011035803437416223,0.03398307271515926,0.0,0.0,0.0
0.24364824644423938,0.010953819419674115,0.03403448014023352,0.0,0.0,0.0
0.24382357285901862,0.01092442219690405,0.03408499102874303,0.0,0.0,0.0
0.24382357285901862,0.01092442219690405,0.03408499102874303,0.0,0.0,0.0
0.24363616028858562,0.010870182821592252,0.0340704955664961,0.0,0.0,0.0
0.24388687351618454,0.0111257387358574,0.03415913074227669,0.0,0.0,0.0
0.24388687351618454,0.0111257387358574,0.03415913074227669,0.0,0.0,0.0
0.24375388412546614,0.011061873890983218,0.03416189406264656,0.0,0.0,0.0
0.24371987718116553,0.011167251085373246,0.034327851893841466,0.0,0.0,0.0
0.2441219452030822,0.011482873778142293,0.03435938180606787,0.0,0.0,0.0
0.2441219452030822,0.011482873778142293,0.03435938180606787,0.0,0.0,0.0
0.24398516360561354,0.011635393187608032,0.034540711000249136,0.0,0.0,0.0
0.24401217110546763,0.011539188519442599,0.03461831661560533,0.0,0.0,0.0
0.24401217110546763,0.011539188519442599,0.03461831661560533,0.0,0.0,0.0
0.24412654608870968,0.011576755163324692,0.03481993612282141,0.0,0.0,0.0
0.24422277877879636,0.011462889707591887,0.03483017541070564,0.0,0.0,0.0
0.2441220786129438,0.011529058275264254,0.03481250877363782,0.0,0.0,0.0
0.2441220786129438,0.011529058275264254,0.03481250877363782,0.0,0.0,0.0
0.2442340028500998,0.01153684182261054,0.03481449255769035,0.0,0.0,0.0
0.24382344607484033,0.011827395671426507,0.03447257227300973,0.0,0.0,0.0
0.24382344607484033,0.011827395671426507,0.03447257227300973,0.0,0.0,0.0
0.2439213838503361,0.011705341017141985,0.034431280805512283,0.0,0.0,0.0
0.24343962663857321,0.011874907348350911,0.034196134655640864,0.0,0.0,0.0
0.243149734691561,0.011832184173653238,0.03423417905935956,0.0,0.0,0.0
0.243149734691561,0.011832184173653238,0.03423417905935956,0.0,0.0,0.0
0.24264905435154158,0.012401644856473467,0.03406647341663393,0.0,0.0,0.0
0.24280846684715215,0.012564706264649637,0.03407881507866475,0.0,0.0,0.0
0.24280846684715215,0.012564706264649637,0.03407881507866475,0.0,0.0,0.0
0.24237812902806688,0.012566029086658603,0.034060465148378884,0.0,0.0,0.0
0.24232400075834423,0.012558846675887895,0.03404292492603889,0.0,0.0,0.0
0.24177318594845135,0.012842926400942202,0.03426987933983459,0.0,0.0,0.0
0.24177318594845135,0.012842926400942202,0.03426987933983459,0.0,0.0,0.0
0.24172956715688734,0.013059164238197843,0.03415273232676441,0.0,0.0,0.0
0.2410972529589872,0.013329823640832425,0.03473158564784906,0.0,0.0,0.0
0.2410972529589872,0.013329823640832425,0.03473158564784906,0.0,0.0,0.0
0.24104945227832728,0.013140501098426342,0.03473285178339609,0.0,0.0,0.0
0.2410872254173899,0.013344233439075037,0.03511100010767011,0.0,0.0,0.0
0.24143935923454093,0.013357856279973877,0.03516254230502939,0.0,0.0,0.0
0.24143935923454093,0.013357856279973877,0.03516254230502939,0.0,0.0,0.0
0.24142759733353789,0.013723441052310768,0.03511981415599776,0.0,0.0,0.0
0.24166708779528118,0.013806622327570062,0.035260128248369736,0.0,0.0,0.0
0.2416258189141889,0.013799387147251752,0.03517059456162188,0.0,0.0,0.0
0.2416258189141889,0.013799387147251752,0.03517059456162188,0.0,0.0,0.0
0.2419492221925714,0.013704165981423117,0.03512213316774674,0.0,0.0,0.0
0.2419115068086446,0.013760781879200485,0.03515953796995653,0.0,0.0,0.0
0.2419115068086446,0.013760781879200485,0.03515953796995653,0.0,0.0,0.0
0.2417523454635137,0.013678485603266592,0.03504934600505205,0.0,0.0,0.0
0.24146047087806954,0.013683934861804973,0.03478013300537119,0.0,0.0,0.0
0.24167227159239513,0.01373262014471129,0.034876932501095706,0.0,0.0,0.0
0.24167227159239513,0.01373262014471129,0.034876932501095706,0.0,0.0,0.0
0.24161189694912327,0.013430493302744467,0.03489115358902414,0.0,0.0,0.0
0.2413578051722816,0.013447780500833093,0.03487596627084767,0.0,0.0,0.0
0.2413578051722816,0.013447780500833093,0.03487596627084767,0.0,0.0,0.0
0.24086704347980203,0.013327780581779847,0.03516299022024589,0.0,0.0,0.0
0.24107590597927228,0.013422260261793304,0.03517085506048738,0.0,0.0,0.0
0.24081740465710622,0.013161660767884477,0.03550068287242979,0.0,0.0,0.0
0.24081740465710622,0.013161660767884477,0.03550068287242979,0.0,0.0,0.0
0.24069552536134994,0.013294382623399595,0.03553630454206524,0.0,0.0,0.0
0.24076918411840825,0.013432888327467071,0.035102365703765286,0.0,0.0,0.0
0.24076918411840825,0.013432888327467071,0.035102365703765286,0.0,0.0,0.0
0.24101763951897362,0.013545560338158475,0.03504211266038642,0.0,0.0,0.0
0.24114215660182906,0.013732194425990675,0.035113187110706184,0.0,0.0,0.0
0.2410923796952493,0.01381415855430993,0.035296905989640644,0.0,0.0,0.0
0.2410923796952493,0.01381415855430993,0.035296905989640644,0.0,0.0,0.0
0.2410246235274447,0.013806745192701496,0.03528898340755746,0.0,0.0,0.0
0.24137698982886524,0.013811808089104365,0.03518642316894356,0.0,0.0,0.0
0.24137698982886524,0.013811808089104365,0.03518642316894356,0.0,0.0,0.0
0.24174724441879997,0.013817824041861795,0.03528947863614554,0.0,0.0,0.0
0.2416361213159549,0.013628879880171559,0.03524559191636682,0.0,0.0,0.0
0.24172020149221793,0.013539643714001707,0.03517398725759793,0.0,0.0,0.0
0.24172020149221793,0.013539643714001707,0.03517398725759793,0.0,0.0,0.0
0.24186971972329363,0.013653474028867204,0.035139375211233295,0.0,0.0,0.0
0.2416928196211205,0.01362167711391012,0.035233204618784535,0.0,0.0,0.0
0.24188477503820363,0.01370872997451368,0.035348829045608716,0.0,0.0,0.0
0.24188477503820363,0.01370872997451368,0.035348829045608716,0.0,0.0,0.0
0.24191108535721537,0.013630712945746913,0.035574148807328176,0.0,0.0,0.0
0.24184140081758354,0.013719704455540141,0.03547581292065105,0.0,0.0,0.0
0.24184140081758354,0.013719704455540141,0.03547581292065105,0.0,0.0,0.0
0.24167630662653394,0.013831313201271954,0.035908913185054694,0.0,0.0,0.0
0.24164711077773843,0.013852449174775553,0.035930281620747864,0.0,0.0,0.0
0.24148655621745685,0.014014056309852974,0.03577514164678139,0.0,0.0,0.0
0.24148655621745685,0.014014056309852974,0.03577514164678139,0.0,0.0,0.0
0.2414848587950983,0.014112064839147903,0.03555726931722934,0.0,0.0,0.0
0.24153372856650113,0.014351575351253905,0.03568672427308711,0.0,0.0,0.0
0.24153372856650113,0.014351575351253905,0.03568672427308711,0.0,0.0,0.0
0.24187584021749298,0.014201309794305466,0.035788536801784024,0.0,0.0,0.0
0.24215260609093103,0.014094262880105542,0.035932293476262304,0.0,0.0,0.0
0.24207295439377902,0.014002031612004034,0.03595011824945121,0.0,0.0,0.0
0.24207295439377902,0.014002031612004034,0.03595011824945121,0.0,0.0,0.0
0.24238777572398398,0.014287165749609894,0.036265907630840026,0.0,0.0,0.0
0.2427199535298931,0.01420321353629481,0.036469225524979956,0.0,0.0,0.0
0.2427199535298931,0.01420321353629481,0.036469225524979956,0.0,0.0,0.0
0.24304012926059965,0.014632452452500251,0.0365222500369032,0.0,0.0,0.0
0.24355343798246798,0.014547939397212932,0.0363140774424635,0.0,0.0,0.0
0.2433964442089492,0.01445552713283225,0.03642664759948087,0.0,0.0,0.0
0.2433964442089492,0.01445552713283225,0.03642664759948087,0.0,0.0,0.0
0.24320283257039824,0.014238346046920845,0.036550509992634886,0.0,0.0,0.0
0.24326922264505607,0.014287088125133565,0.036730153037081464,0.0,0.0,0.0
0.24326922264505607,0.014287088125133565,0.036730153037081464,0.0,0.0,0.0
0.24361043285927547,0.014390857166213408,0.0367496454686326,0.0,0.0,0.0
0.24330122413746047,0.014577103697654869,0.03678824899706705,0.0,0.0,0.0
0.24300185256676002,0.014691247802100857,0.03668200608771387,0.0,0.0,0.0
0.24300185256676002,0.014691247802100857,0.03668200608771387,0.0,0.0,0.0
0.24279633821944574,0.014580637931139697,0.03659399981176803,0.0,0.0,0.0
0.24308824355222108,0.014339960799002927,0.036574451637200335,0.0,0.0,0.0
0.24308824355222108,0.014339960799002927,0.036574451637200335,0.0,0.0,0.0
0.24244504809756504,0.01473573243674435,0.036665185753443276,0.0,0.0,0.0
0.2421177889566567,0.014884889322812385,0.036727552085146435,0.0,0.0,0.0
0.2422014425399156,0.014721064824045385,0.036616824203185995,0.0,0.0,0.0
0.2422014425399156,0.014721064824045385,0.036616824203185995,0.0,0.0,0.0
0.2416978526591534,0.014965076217400035,0.03651880661838877,0.0,0.0,0.0
0.24203950030970012,0.01485811565717908,0.036372533991964266,0.0,0.0,0.0
0.2417568133261354,0.014929526519197768,0.036479479009340246,0.0,0.0,0.0
0.2417568133261354,0.014929526519197768,0.036479479009340246,0.0,0.0,0.0
0.2418401055612902,0.014623943325231922,0.03651583460121406,0.0,0.0,0.0
0.2411152929930701,0.014856820012939788,0.035935416448064965,0.0,0.0,0.0
0.2411152929930701,0.014856820012939788,0.035935416448064965,0.0,0.0,0.0
0.24092516442999418,0.01498595398362428,0.03593870814249464,0.0,0.0,0.0
0.24042494059455272,0.015228627315936686,0.035895280135678824,0.0,0.0,0.0
0.24047793308581672,0.015106261770709188,0.03584876140032084,0.0,0.0,0.0
0.24047793308581672,0.015106261770709188,0.03584876140032084,0.0,0.0,0.0
0.2403220157215153,0.01553667901932626,0.03634136740187504,0.0,0.0,0.0
0.24008828150180506,0.015395540353999353,0.03626642438657732,0.0,0.0,0.0
0.24008828150180506,0.015395540353999353,0.03626642438657732,0.0,0.0,0.0
0.23949626055962422,0.015738076117125396,0.03646738961855375,0.0,0.0,0.0
0.23927342101126847,0.015802328672639174,0.03646932947088034,0.0,0.0,0.0
0.23915741487754114,0.01574225306079407,0.03636118332388393,0.0,0.0,0.0
0.23915741487754114,0.01574225306079407,0.03636118332388393,0.0,0.0,0.0
0.23906515657670477,0.01576915435261773,0.03631756533250449,0.0,0.0,0.0
0.2391680179638355,0.016174079996238298,0.03646026204757612,0.0,0.0,0.0
0.2391680179638355,0.016174079996238298,0.03646026204757612,0.0,0.0,0.0
0.23932210088335798,0.016278853686474554,0.03652674927687695,0.0,0.0,0.0
0.23942246330222397,0.01661566519245745,0.03694780667426879,0.0,0.0,0.0
0.23924642593810427,0.016600091707428585,0.03684668848450489,0.0,0.0,0.0
0.23924642593810427,0.016600091707428585,0.03684668848450489,0.0,0.0,0.0
0.23899934747236218,0.01644598013461918,0.03644563270167959,0.0,0.0,0.0
0.23868088034414525,0.016155539944258945,0.03657511355926643,0.0,0.0,0.0
0.23868088034414525,0.016155539944258945,0.03657511355926643,0.0,0.0,0.0
0.23894050935857764,0.01610909306263677,0.036776143616564845,0.0,0.0,0.0
0.23901813639165068,0.015918768183054082,0.03671441791664821,0.0,0.0,0.0
0.23918127674094425,0.015736868995259858,0.03695970617731932,0.0,0.0,0.0
0.23918127674094425,0.015736868995259858,0.03695970617731932,0.0,0.0,0.0
0.23879118437881697,0.015778987832067666,0.036912673605040525,0.0,0.0,0.0
0.23914009645629575,0.015761253217146436,0.036954043707021635,0.0,0.0,0.0
0.23914009645629575,0.015761253217146436,0.036954043707021635,0.0,0.0,0.0
0.23938031908655616,0.015940476162627275,0.0368928959352068,0.0,0.0,0.0
0.23907973590922668,0.01560446179465562,0.036774005476575215,0.0,0.0,0.0
0.23889942316995738,0.015485733969619133,0.03682363113302074,0.0,0.0,0.0
0.23889942316995738,0.015485733969619133,0.03682363113302074,0.0,0.0,0.0
0.23970439651127237,0.015800374229664006,0.03702897502977949,0.0,0.0,0.0
0.23968403263870558,0.015665440794299712,0.03694720999952782,0.0,0.0,0.0
0.23968403263870558,0.015665440794299712,0.03694720999952782,0.0,0.0,0.0
0.23970406200699718,0.01585183764445767,0.03701305742002346,0.0,0.0,0.0
0.23960803092442037,0.01612618112457237,0.03714227628069727,0.0,0.0,0.0
0.23992161879875423,0.015905112986868558,0.03750578414414641,0.0,0.0,0.0
0.23992161879875423,0.015905112986868558,0.03750578414414641,0.0,0.0,0.0
0.24005240135351028,0.015610146548044974,0.03751853302780649,0.0,0.0,0.0
0.24077238316241562,0.015865234816133687,0.03733309667701718,0.0,0.0,0.0
0.24078600367993225,0.01595925015339823,0.03730724808492949,0.0,0.0,0.0
0.24078600367993225,0.01595925015339823,0.03730724808492949,0.0,0.0,0.0
0.2412670217287375,0.015973484261210872,0.03705086388630675,0.0,0.0,0.0
0.24098464613589735,0.01613321387003489,0.03692814908419859,0.0,0.0,0.0
0.24098464613589735,0.01613321387003489,0.03692814908419859,0.0,0.0,0.0
0.24123507735240757,0.01587864871006086,0.03702965990717034,0.0,0.0,0.0
0.24150085808619917,0.01575723492026383,0.036833572270862217,0.0,0.0,0.0
0.24169906162154456,0.015765218562037633,0.03663131886105167,0.0,0.0,0.0
0.24169906162154456,0.015765218562037633,0.03663131886105167,0.0,0.0,0.0
0.24132100064476789,0.015913358695397943,0.03661636728937627,0.0,0.0,0.0
0.24142242498436806,0.015710095876572735,0.036674989040895334,0.0,0.0,0.0
0.24142242498436806,0.015710095876572735,0.036674989040895334,0.0,0.0,0.0
0.24134987749703612,0.01547344170417386,0.036776209597065436,0.0,0.0,0.0
0.24096598733960703,0.015199609601104272,0.037029374794921105,0.0,0.0,0.0
0.24102009641718533,0.01533643652734847,0.03689854389101711,0.0,0.0,0.0
0.24102009641718533,0.01533643652734847,0.03689854389101711,0.0,0.0,0.0
0.2393477524619399,0.015257908957356413,0.036365655879522535,0.0,0.0,0.0
0.23916038768935777,0.015344489471975671,0.036499300310800384,0.0,0.0,0.0
0.23750543252978099,0.015503270743881659,0.0364386067754742,0.0,0.0,0.0
0.23750543252978099,0.015503270743881659,0.0364386067754742,0.0,0.0,0.0
0.23713650801831818,0.015518928291650745,0.03632848474947559,0.0,0.0,0.0
0.23335538516902357,0.015556010598476222,0.03546778171118931,0.0,0.0,0.0
0.23335538516902357,0.015556010598476222,0.03546778171118931,0.0,0.0,0.0
0.2329933325118863,0.01561463132348511,0.03554816892775861,0.0,0.0,0.0
0.22827272026076945,0.0157869472901677,0.03466386215084022,0.0,0.0,0.0
0.22787371850441204,0.015638484585896503,0.0347547977898758,0.0,0.0,0.0
0.22787371850441204,0.015638484585896503,0.0347547977898758,0.0,0.0,0.0
0.222319300901144,0.015243249725006458,0.03341144498543781,0.0,0.0,0.0
0.22200524783827885,0.015143603572503743,0.03322781243371797,0.0,0.0,0.0
0.22200524783827885,0.015143603572503743,0.03322781243371797,0.0,0.0,0.0
0.21829154636448098,0.015148287585549708,0.03304675216929825,0.0,0.0,0.0
0.218159107231662,0.015017155733522438,0.033113473442104954,0.0,0.0,0.0
0.21107156524815848,0.015831202787239065,0.03177865454890364,0.0,0.0,0.0
0.21107156524815848,0.015831202787239065,0.03177865454890364,0.0,0.0,0.0
0.21075713253923997,0.01590965199238075,0.03180105659078693,0.0,0.0,0.0
0.20301958055969455,0.01611940479835348,0.02963993341387631,0.0,0.0,0.0
0.2032366530581427,0.016281690292870712,0.029662891763063172,0.0,0.0,0.0
0.2032366530581427,0.016281690292870712,0.029662891763063172,0.0,0.0,0.0
0.19524255600283055,0.017143838908468743,0.027644189975539937,0.0,0.0,0.0
0.1947702826733129,0.017148091694364282,0.027656148624898166,0.0,0.0,0.0
0.1947702826733129,0.017148091694364282,0.027656148624898166,0.0,0.0,0.0
0.18903327279978527,0.017113565338595146,0.026875769780090337,0.0,0.0,0.0
0.18916905968876416,0.017281332884462618,0.026925431192346198,0.0,0.0,0.0
0.18063180280086633,0.017778941771977867,0.024693040082265895,0.0,0.0,0.0
0.18063180280086633,0.017778941771977867,0.024693040082265895,0.0,0.0,0.0
0.18027767918301782,0.0179851676336064,0.024700550632801632,0.0,0.0,0.0
0.17096349309746545,0.02016267207780109,0.019916813500622608,0.0,0.0,0.0
0.17096349309746545,0.02016267207780109,0.019916813500622608,0.0,0.0,0.0
0.17075359757924885,0.020147189777573144,0.020200145988545526,0.0,0.0,0.0
0.16185934141072825,0.02060526968940209,0.019023964344741066,0.0,0.0,0.0
0.16190818925062617,0.02091797669867646,0.018781805265746847,0.0,0.0,0.0
0.16190818925062617,0.02091797669867646,0.018781805265746847,0.0,0.0,0.0
0.1534437428560571,0.02167809300438417,0.01779578758097934,0.0,0.0,0.0
0.15365521091585102,0.021793062072536683,0.01787720771613222,0.0,0.0,0.0
0.15365521091585102,0.021793062072536683,0.01787720771613222,0.0,0.0,0.0
0.14512966349840487,0.021558147245634218,0.016777943712107727,0.0,0.0,0.0
0.14534559469852978,0.02146937222585289,0.01666982068080932,0.0,0.0,0.0
0.13917768128116265,0.02102013512906705,0.01623802284707929,0.0,0.0,0.0
0.13917768128116265,0.02102013512906705,0.01623802284707929,0.0,0.0,0.0
0.13932873689120107,0.02131116703643879,0.01628896018308222,0.0,0.0,0.0
0.13157925774604012,0.021095584025764665,0.014813304300418472,0.0,0.0,0.0
0.13171427245627854,0.02102172800070094,0.01468864894217103,0.0,0.0,0.0
0.13171427245627854,0.02102172800070094,0.01468864894217103,0.0,0.0,0.0
0.12537594841288097,0.0206219670508421,0.013587423704564889,0.0,0.0,0.0
0.12562261171229844,0.02066165870398119,0.013663828390205907,0.0,0.0,0.0
0.12562261171229844,0.02066165870398119,0.013663828390205907,0.0,0.0,0.0
0.11987937429837271,0.021137989871327728,0.012500928287281693,0.0,0.0,0.0
0.11989513842919174,0.021301566239024856,0.01246230338035434,0.0,0.0,0.0
0.11621241908577261,0.020882597967634527,0.012816156383588287,0.0,0.0,0.0
0.11621241908577261,0.020882597967634527,0.012816156383588287,0.0,0.0,0.0
0.11709412882699269,0.02080289296844411,0.012872313391682233,0.0,0.0,0.0
0.11146574001360157,0.020379585963659134,0.012998108723345298,0.0,0.0,0.0
0.11157861407644706,0.020252713003162885,0.012956099418484324,0.0,0.0,0.0
0.11157861407644706,0.020252713003162885,0.012956099418484324,0.0,0.0,0.0
0.10611507780157008,0.01911941154723989,0.012880009872475966,0.0,0.0,0.0
0.106723073191853,0.019182632118459997,0.012773412921507243,0.0,0.0,0.0
0.106723073191853,0.019182632118459997,0.012773412921507243,0.0,0.0,0.0
0.10206924372684766,0.019237667936910653,0.011237963678847676,0.0,0.0,0.0
0.10211792524944299,0.018815418317401536,0.0114461067258355,0.0,0.0,0.0
0.09902267833260321,0.018613234373826067,0.011199807737453453,0.0,0.0,0.0
