-7.035276491559248,-13.253397100646275,7.9545656916384075
-7.029195636839531,-13.256569387024712,7.938091439086742
-7.020270508703025,-13.256236152162334,7.927422107073552
-7.014129234148276,-13.268841510504737,7.9102017339400374
-7.008665683633599,-13.273283857870956,7.9146929027158635
-7.004420318201385,-13.31187415622133,7.8745446132036125
-7.0008914622644465,-13.33303571478402,7.858626458201528
-6.998958714889178,-13.354563459697998,7.848938118439703
-6.994098796325443,-13.384496070702838,7.8402594225320605
-6.998064942902459,-13.396865719358802,7.840105948765317
-6.993733603621265,-13.404658773957934,7.838487801556895
-7.020101406950789,-13.400053164630002,7.8481324053259325
-7.026078114343469,-13.408305892501627,7.854804523771845
-7.039688797464198,-13.401899161610531,7.862087803999621
-7.044845101312287,-13.39592981581822,7.868763466235819
-7.051770816300703,-13.387747724350087,7.8752852714685355
-7.043666267316372,-13.384804210730113,7.873410148561157
-7.068383094768659,-13.376244384733116,7.885580260272852
-7.061112561079121,-13.372559268791983,7.882656923448594
-7.056053498914768,-13.36739408741445,7.882009304652406
-7.061853004782555,-13.367563395548885,7.887699583180302
-7.061529442505722,-13.365814191991483,7.890756141224698
-7.0501554495785,-13.36355866534986,7.889698090798266
-7.040903618368863,-13.360598442095199,7.8870209240718845
-7.0289554674113495,-13.358394897610411,7.883684528909303
-7.014972896835468,-13.35843935216083,7.876178391704234
-7.013215108848746,-13.355127729955063,7.862143021574562
-7.00254078356457,-13.348799593134002,7.848763738505424
-6.98233914371691,-13.341035242958506,7.833901887374554
-6.9847041309633315,-13.34132186562591,7.817295512082014
-6.989401300499615,-13.344777638945311,7.7983654894265495
-6.990906496684674,-13.347376515936594,7.781293447048052
-7.00293120787488,-13.360459034938131,7.763586955283219
-7.010520911933337,-13.373094433312183,7.749386863028339
-7.0176961385356185,-13.391635310648805,7.738518690624748
-7.0126599868449,-13.382644427043388,7.736842904337121
-7.010961305091074,-13.376899896588249,7.731770472274818
-7.019066467758801,-13.39494518165913,7.717288291213614
-7.03330994730946,-13.432299489951381,7.727726181674523
-7.0321727493309565,-13.424539539105941,7.717428592776501
-7.0250402078937775,-13.43848968705099,7.789351839436395
-7.010461362575079,-13.42440352905162,7.797894916786584
-7.00070839905511,-13.421978540835044,7.807622053789855
-7.000665657336005,-13.420941031180668,7.806978818829891
-7.005782987485218,-13.415774708075578,7.781210085196933
-7.019303239583056,-13.429196870235645,7.758012745607157
-7.034106540324686,-13.420376235595201,7.71198922708675
-7.0209080901295655,-13.399894181990874,7.697242625962031
-7.065355147099277,-13.404977154346458,7.617440452594524
-7.0738751417057175,-13.390093856396174,7.577955306422798
-7.044612980052443,-13.331307004601411,7.5284630121957665
-7.0418622660327665,-13.309763735795922,7.501877264422165
-6.978763539994135,-13.200638979128792,7.4078674219733855
-6.977050252605671,-13.14202796634846,7.350161522789047
-6.995538437273586,-13.142487512260654,7.298719467345516
-6.993008725883704,-13.17852304806432,7.299845524744325
-6.975981300264499,-13.162778949764862,7.267081007856113
-6.945886533306089,-13.154663726427582,7.256158982446375
-6.92605249742551,-13.183559168661834,7.256917793910395
-6.895511592996802,-13.189798430454777,7.259949782553352
-6.863940189359653,-13.189824563386903,7.265419099897237
-6.83100999857947,-13.182278244858228,7.273826625183944
-6.795757049767691,-13.174102935455053,7.278822629066545
-6.758926097536584,-13.16074372055607,7.283235803560675
-6.711531910351784,-13.137356757704433,7.281374954123549
-6.711531910351784,-13.137356757704433,7.281374954123549
-6.596586212351803,-13.061521398232047,7.262489818656431
-6.521073933029705,-13.015932403262656,7.243471232385947
-6.508855076589771,-13.023649433491288,7.250518993075803
-6.342356413118497,-12.927519615659355,7.2129972117116665
-6.236701164596633,-12.884922683702197,7.199812155712456
-6.0939125838514725,-12.869167722467298,7.207648748231134
-6.060434582639848,-12.896387638487727,7.232017438271804
-5.843031538993634,-12.797081241933297,7.149060874010484
-5.710354920144725,-12.767687191079771,7.109729777705019
-5.622527805291,-12.700221156727997,7.047323851513945
-5.544406379485545,-12.627510730776029,6.980980668962637
-5.406271442425673,-12.643763045395316,6.945722850208555
-5.306466116362573,-12.666338853732475,6.904359869424507
-5.33162991477226,-12.640692503805324,6.817078326512748
-5.351045599512148,-12.694107831045178,6.766111942760989
-5.431196844726891,-12.73572345627154,6.674815591675737
-5.54750356873115,-12.793914864493946,6.623592317563577
-5.676787119192122,-12.854703200077791,6.563352378318681
-5.727541304248066,-12.844919388219878,6.57824024528052
-5.783934272912004,-12.840192194313634,6.592340263321061
-5.974851589355541,-12.931584047250563,6.54574227808458
-6.085770926935481,-13.023223197337668,6.498327423015914
-6.189470952450954,-13.128103774329679,6.425374896534586
-6.187180456138528,-13.235312616733701,6.405727905521305
-6.187180456138528,-13.235312616733701,6.405727905521305
-6.118135870735881,-13.094093699983064,6.442573029982226
-6.080114246410493,-12.970885641354826,6.4682356618683885
-6.034684325127372,-12.8963765126054,6.489103982933496
-5.996811770794037,-12.797156170053135,6.501886903471879
-5.991002497053881,-12.601973526311417,6.4793969695417735
-5.913305474949232,-12.82844708100263,6.65116765009604
-5.9031826770845734,-12.528237413084293,6.647725949421201
-5.901865617860058,-12.431556703034321,6.668966325747398
-5.897238750705797,-12.38235186913153,6.7338692682064
-5.9239846940634315,-12.328127314834223,6.679390626849438
-5.918485072321848,-12.327687851046344,6.704450125571025
-5.9534611650262415,-12.285836253341786,6.605456061540367
-5.95773277127909,-12.273545238156318,6.604285681496173
-5.993698771636891,-12.230983431924104,6.477107198950021
-6.017350566144114,-12.225350558014414,6.362357254683902
-6.041014751657277,-12.276849311169856,6.175349893447481
-6.028832055080687,-12.273956078678317,6.062945181646155
-6.02109819904832,-12.333064946160261,5.999188928561722
-5.995510527754695,-12.367975408916793,5.926492374197815
-5.962715587891599,-12.399723864006397,5.868613843894058
-5.934545842590989,-12.431262149805162,5.826209971348896
-5.906457355767356,-12.502565618566642,5.798857610286721
-5.914113896416226,-12.529050581170562,5.808555106598077
-5.935581894796333,-12.555780211995815,5.833210381575892
-5.9609772585835294,-12.5437591776803,5.836898929057546
-6.019129985678778,-12.605164292692775,5.9077636563636124
-6.09495080065086,-12.579030948574239,5.916470001341354
-6.149148000014314,-12.59760170542325,5.959195549005831
-6.199528089654022,-12.610414706043636,6.0014910234656496
-6.205447887641523,-12.636727396121687,6.044783151129488
-6.236642950910609,-12.637476591065907,6.085095117266361
-6.284072589953924,-12.577204942637957,6.068077237749753
-6.2917374083362905,-12.557619032382814,6.096900813745001
-6.26146227032048,-12.541667952097807,6.160905113024765
-6.235962795112315,-12.504953121365315,6.185123566530755
-6.206406523266874,-12.504821242508914,6.221211682051911
-6.173319629111418,-12.455109289344028,6.243227181868245
-6.159725346486478,-12.360732269082495,6.22492740623931
-6.12396560131608,-12.303975258702035,6.244935252403187
-6.060697916716735,-12.239132797979316,6.279598858696844
-6.024771625827024,-12.181044532675113,6.284049865818607
-6.003364161568822,-12.172810414157402,6.2957093712975665
-5.978282968315379,-12.11929647355136,6.297101083067363
-5.969013336907966,-12.073493301951844,6.291476585700976
-5.962042487688412,-12.03091693243637,6.2899184635826355
-5.95080859106726,-11.991550554966631,6.308754444197233
-5.9590798502434925,-11.929825820702535,6.333902195899138
-5.976839639464008,-11.936292233173832,6.342022802472056
-6.008721203305344,-11.895629010363994,6.37253347747459
-6.041995939526445,-11.887675167865773,6.389653011928338
-6.045118079996104,-11.879885757925011,6.399477033853902
-6.103848299274676,-11.89679715027475,6.4043710748494584
-6.151008091658131,-11.920755818190571,6.388288966989086
-6.1499586486655895,-11.92812221407736,6.392203849530295
-6.175242109037341,-11.948874292074377,6.356974495942269
-6.173841191533583,-11.962578088254245,6.359027352336765
-6.170808511132553,-11.99530089727344,6.360275970559014
-6.174576181133149,-12.024931490424303,6.337802945573613
-6.175159204951752,-12.052699705641066,6.312694425429932
-6.17242943148075,-12.07543010037409,6.312042077690795
-6.159969809044441,-12.082930478437426,6.267586657889939
-6.14411282600112,-12.101978999057842,6.246009898567116
-6.127114655206441,-12.116567179783827,6.227195822179438
-6.108449171786746,-12.12789346110086,6.212213867845889
-6.085597742006434,-12.147764002267172,6.202117506400864
-6.059414195352623,-12.120219671163408,6.187378414377712
-6.052141537997005,-12.092611642290404,6.18167926018097
-6.042377136215437,-12.036188547261483,6.173851612722851
-6.042701481570558,-12.060750307575441,6.1793792060192185
-6.05142043845951,-11.987500954708375,6.1694818298470775
-6.063389907442093,-11.953034883028929,6.162949161856169
-6.077127286763891,-11.915251697813082,6.154835886228568
-6.089173939704413,-11.861565826335617,6.144671599933268
-6.106691605635366,-11.823442394672231,6.13630879233788
-6.12697247912111,-11.797668696823418,6.130442615903415
-6.141809133771691,-11.754753933951738,6.121121928162577
-6.142607440518733,-11.770618156146412,6.123593178510804
-6.170375029113021,-11.645566424121304,6.096426778847454
-6.185101548880218,-11.593942870574894,6.079439288382241
-6.1961364420025085,-11.542886551028333,6.055307077661637
-6.206486687558564,-11.46827889994503,6.023768195665939
-6.222367916702488,-11.385034185290731,5.98546635087352
-6.237839575698741,-11.299384056890803,5.952943648211084
-6.249106860961847,-11.226383124711063,5.927309941166569
-6.247890299897627,-11.237782860630384,5.918933157478721
-6.264042632167018,-11.108508507231603,5.871706398452148
-6.262005972845504,-11.11179225807421,5.85931136974797
-6.276493790023643,-11.021898928984452,5.831025946243644
-6.27869773037052,-10.99072527056912,5.82541814512939
-6.281347072555805,-10.971666899027724,5.83733830093635
-6.280494744152023,-10.953526865169653,5.8436879631873655
-6.276918838251031,-10.945996459394765,5.835301090726684
-6.274424250071854,-10.938662372182284,5.826196274366011
-6.280412785087092,-10.922584127140965,5.877094674112815
-6.28265598501143,-10.907263138903117,5.898360308320419
-6.2890774204916235,-10.893690716460723,5.942267493435242
-6.28996066409914,-10.879888309382045,5.935933380066475
-6.291225596028696,-10.886824207984532,5.958207635957094
-6.29155198650854,-10.895374010007997,5.977838098079945
-6.28630863003956,-10.907123138827224,6.000039364488676
-6.2832306252535295,-10.903611110779776,6.002357204091197
-6.27762385483695,-10.901741456532873,6.000826179083617
-6.270618372923464,-10.901870415465678,5.994835586920877
-6.269721544809001,-10.892532162060123,5.988913411775765
-6.244598873350629,-10.912744582321567,5.978678854544561
-6.228026527886203,-10.917259067560943,5.9645301330225875
-6.208864395463383,-10.924603684116972,5.950673301219751
-6.176243625074999,-10.949620693952559,5.93754119503063
-6.1599065556037775,-10.959275228986009,5.930692606871105
-6.139731517337223,-10.955570958822554,5.919116804464239
-6.136254051500021,-10.95066406220904,5.914710047016626
-6.118482599557283,-10.9451808082921,5.904807255835284
-6.099439453536078,-10.933382053543946,5.896910321969597
-6.070305902689498,-10.904972235211611,5.878613332593506
-6.053980980801837,-10.888146262898193,5.867507174866496
-6.033766250909315,-10.869756838158356,5.8577446317016975
-6.0324778554230605,-10.868683227559902,5.860405254905468
-6.016167122576507,-10.84742872575835,5.847765436868151
-5.986168212627406,-10.805166604086603,5.834170001679378
-5.972791886487181,-10.781743046503742,5.832160331952366
-5.966420176965988,-10.759593410011828,5.8315815836591485
-5.963956940945708,-10.74016410648686,5.838263135006119
-5.9606335881642725,-10.715834990515983,5.832878272021824
-5.9571998880456025,-10.685095016807823,5.82615369760467
-5.952113463335314,-10.65131910718571,5.818562319584076
-5.944866310107863,-10.611987108951169,5.808673415763979
-5.937670156860311,-10.563170274472347,5.79978702251178
-5.930996773787003,-10.516865050724403,5.799650318041103
-5.923894541409224,-10.4687795414306,5.795818142699656
-5.918430527248426,-10.421796870883696,5.792684293314441
-5.9120648276257795,-10.379780515226562,5.787848643974195
-5.9073751894830115,-10.341044067318373,5.782499519985455
-5.904963057517376,-10.30943863994204,5.779042229647727
-5.908270628291243,-10.270914386622398,5.772857967321582
-5.907961444821684,-10.274065901236545,5.7739608225565595
-5.911701251163922,-10.24126535747884,5.773712314359962
-5.929583342027454,-10.183046152214972,5.764579044775301
-5.941094748739352,-10.159299187394675,5.760598729551329
-5.954452016162187,-10.13494380303765,5.755305826089955
-5.9659939644806315,-10.113146616853928,5.745105602293326
-5.9659939644806315,-10.113146616853928,5.745105602293326
-5.975114945870833,-10.09288289068241,5.73190801460891
-5.983209023974514,-10.073708571135247,5.714783910674871
-5.994998949246952,-10.060297610863783,5.701214092202721
-6.0103956406865,-10.040228170737516,5.682195362739875
-6.0103439863803,-10.039062404970656,5.679177058614575
-6.020673594826264,-10.025668002131157,5.671491940823745
-6.02163390056897,-10.024088652208889,5.668090592723039
-6.034711611508718,-10.011531073527768,5.6595373146316446
-6.041393330978232,-10.00074417164253,5.647649364744099
-6.04350282335384,-9.995977903247718,5.642292545220897
-6.042655460586016,-9.99375845694654,5.638350767880446
-6.04529778171478,-9.994122951392024,5.64309651077447
-6.035046454659819,-9.988364638310541,5.630676093138378
-6.0326160235130715,-9.987736788162104,5.631815507763044
-6.034832780210422,-9.984932947197224,5.644777969821846
-6.029614054264061,-9.98365775149708,5.637989062482575
-6.040523153140235,-9.974997685972292,5.6469415248058175
-6.043209543914617,-9.966660347443199,5.654984428736549
-6.038267684629354,-9.965995385429343,5.648182204600596
-6.033421368004524,-9.951725492785798,5.648457451086784
-6.033099965960406,-9.943329057110498,5.6529771610127515
-6.020084036680276,-9.93365544059241,5.648135819702434
-6.0114295462502,-9.926381540157733,5.6499649419494
-6.008125149110508,-9.917911749274923,5.657984864409087
-6.00088572392106,-9.920597218039402,5.652678562681861
-5.99070375302916,-9.902125755704246,5.665486244582586
-5.985360335295915,-9.89289891184554,5.666702539149377
-5.988282629318604,-9.877268287229082,5.670565673173939
-5.977252171497807,-9.871972598017592,5.6605244134271375
-5.974718348544636,-9.860453531979966,5.652706778296073
-5.974718348544636,-9.860453531979966,5.652706778296073
-5.958445838805544,-9.856321190853972,5.632189611989467
-5.9660899368606675,-9.83820205023405,5.625962397725964
-5.967609270983128,-9.825837255275315,5.614204332188926
-5.969820836289181,-9.818059688641597,5.6028410229738785
-5.973731841734615,-9.812722883200342,5.59488508027627
-5.9785679601580775,-9.812242907314147,5.588168896931805
-5.982978558766492,-9.813061555980974,5.58420426565376
-5.990228181356902,-9.809599828737865,5.579560508668222
-5.981495001366537,-9.815236084367488,5.573191395867185
-5.9984635901300765,-9.814370744260408,5.566631494228855
-6.009423946130813,-9.814276630468568,5.564783176007639
-6.052560803539839,-9.805219608172514,5.561123189635508
-6.073717513513296,-9.800518842380505,5.557323455758153
-6.087147528143312,-9.79671161511108,5.54996438627877
-6.092689652417384,-9.797703202325543,5.5436885380935825
-6.102777447467496,-9.79542692154682,5.535484688037428
-6.116062045734903,-9.791296625926124,5.529191770042282
-6.124001193730405,-9.790758997386908,5.521484619527909
-6.113827642812689,-9.794011367208839,5.517560803008797
-6.103869614965777,-9.796424820292694,5.515335463604433
-6.091502727718279,-9.798620197680547,5.515093147574429
-6.094260235521298,-9.798898231849403,5.512924891153634
-6.086890031683256,-9.80363741541724,5.515212387912318
-6.095504741822483,-9.806041788944777,5.51750937396309
-6.09112688821188,-9.809666487100579,5.5187989166521625
-6.08146754224221,-9.815866458076858,5.522207414168789
-6.087220113550308,-9.817843929240876,5.526664496472095
-6.094839392722324,-9.821923169900264,5.530657043876785
-6.106725433305364,-9.821708065336848,5.530531718021415
-6.133863611296766,-9.818632229607918,5.531632125849996
-6.146436262688935,-9.815441258357668,5.53186250406822
-6.1482136752364225,-9.821497850177447,5.5361906786467685
-6.166657692492741,-9.8157618254458,5.529163713839937
-6.174141260234292,-9.812861484723214,5.525237814590697
-6.17795948424962,-9.809273266606613,5.521195403368917
-6.17795948424962,-9.809273266606613,5.521195403368917
-6.181024790585643,-9.791875799497694,5.510938256704612
-6.181315832295316,-9.78158601874455,5.510387655858228
-6.183599212998418,-9.78999701062953,5.51729800121743
-6.182535101544318,-9.785238836217596,5.523615776782145
-6.1824911054533,-9.787835023552253,5.528990404897906
-6.181379790312094,-9.789256867055578,5.532638628604965
-6.181379790312094,-9.789256867055578,5.532638628604965
-6.179248235866908,-9.794812896719959,5.538584024794902
-6.167052354199464,-9.803939199667873,5.5531394033301655
-6.158160203334566,-9.810427501766455,5.564010537971475
-6.147382179038592,-9.817600812052989,5.573077175343866
-6.13579960954486,-9.828145788527358,5.5784154798703875
-6.132739720320235,-9.829811175628336,5.5792614732766
-6.113248240094623,-9.851545284628068,5.575940678658042
-6.107410247573679,-9.867662418337327,5.574309082722741
-6.101154088360349,-9.864311050742973,5.571167309078562
-6.096139646085438,-9.878630602102511,5.570899756280335
-6.092176926710718,-9.893028429808338,5.573023161170109
-6.092200300719562,-9.884201058944958,5.573633008884127
-6.08860606767008,-9.897132928107741,5.580028224922179
-6.08921756315228,-9.890478365099005,5.579676115821604
-6.088144472776468,-9.91398380373163,5.585833034192103
-6.087781397025036,-9.912156776121467,5.587674902307559
-6.0865776155581965,-9.916983022344489,5.590489455888706
-6.082468480055638,-9.920916177403404,5.592623780027878
-6.078115234134198,-9.93126840470199,5.593022738641763
-6.066523053673714,-9.940990692747851,5.589573194537837
-6.057875012497518,-9.937001821492306,5.5846724840720094
-6.050443077620446,-9.939090363119202,5.580149267512447
-6.040529534890559,-9.933768581087016,5.571970214778189
-6.026716101062938,-9.927147314876322,5.560209953528154
-6.026716101062938,-9.927147314876322,5.560209953528154
-6.016510909574213,-9.929271408853394,5.551895046752397
-6.0063819765779645,-9.928900344375444,5.542295542235951
-5.9991413954839565,-9.936385398050133,5.530317224406167
-5.998594249297572,-9.939651498359776,5.526951939222674
-6.000114678392545,-9.942368827040033,5.52608962519211
-6.002830912979777,-9.946145508162072,5.527946719543585
-6.006035838688331,-9.95466809396374,5.527736595326624
-6.01152426473823,-9.957736963413545,5.532647908315932
-6.017813126243427,-9.96439908372358,5.538590116214958
-6.024514706069113,-9.963489986450023,5.546284528308809
-6.030944214212647,-9.962118518223594,5.55239401032567
-6.030169540628789,-9.967436858718065,5.551599203382526
-6.045671108990777,-9.964745819725172,5.561468094649148
-6.056274887563839,-9.953294173146384,5.56513485992945
-6.063816576186034,-9.95250693928795,5.560819464057525
-6.07365486024638,-9.942937367798455,5.556455373771471
-6.07032127887218,-9.947743648834706,5.552815697039775
-6.080285100611616,-9.940338897784642,5.547358764909531
-6.091685296041957,-9.930191763752815,5.540380973031814
-6.1211501984293815,-9.912778567184715,5.533435446803693
-6.1180653459263725,-9.9181606125389,5.530621825889036
-6.1471285248100385,-9.911341714291671,5.532658658728969
-6.1581815529396415,-9.912410913955982,5.53585767241701
-6.1581815529396415,-9.912410913955982,5.53585767241701
-6.175102749198376,-9.908277031248339,5.549910293251682
-6.17835983872247,-9.908548634683278,5.554315755654501
-6.177168999544289,-9.907181872834398,5.558032294439737
-6.171503560722489,-9.90823973092648,5.558267980529668
-6.165393247103375,-9.90477324611477,5.561042551110925
-6.155533540009911,-9.897494632824033,5.563313021177513
-6.156409831378061,-9.898432235852612,5.561507539852557
-6.16087750267329,-9.89766937664817,5.558088769412799
-6.1380017112806335,-9.87754266853478,5.559789650945645
-6.12684109343989,-9.865748475683787,5.559361991532352
-6.116010445380018,-9.855037735600968,5.55969120292375
-6.1053417112791495,-9.852372123579855,5.5611922606344635
-6.107618512121972,-9.850728563092247,5.5600222481006645
-6.0943869673634845,-9.850609643222416,5.5635427342193395
-6.093381768628556,-9.848352853450752,5.5613512632663005
-6.0774450861555795,-9.852195683071344,5.5662247804590255
-6.060503903819887,-9.859037512313526,5.572611897660647
-6.04124278288087,-9.882198280966165,5.594759086982773
-6.04124278288087,-9.882198280966165,5.594759086982773
-6.0126337679173325,-9.900051444547113,5.611149343010096
-5.996459842011346,-9.916374916815734,5.6242413252779055
-5.990591881144131,-9.920043591145996,5.622768363257572
-5.985065994385548,-9.918484983313164,5.6177346075624595
-5.981916832189845,-9.915429358290005,5.608938213228794
-5.980818363036896,-9.910655505131714,5.597614676217159
-5.974401769207641,-9.910947819160837,5.595033482124621
-5.992818780679367,-9.901685566898394,5.565927160674153
-5.9870924965401935,-9.90303629159571,5.562976798488249
-5.996939572526016,-9.909796731364073,5.549432132585217
-6.006681855635861,-9.918568043190106,5.543039732495883
-6.02808298044171,-9.941317257718065,5.547019689427445
-6.040491976108811,-9.955772845522871,5.554024473310321
-6.05640944908089,-9.980386849122342,5.582194392245628
-6.059704408367781,-9.988733060950514,5.593354856990244
-6.06200342757811,-9.987678705260617,5.604398783559715
-6.061304051969063,-9.981973841374247,5.609394996267612
-6.057757250930336,-9.983523060654758,5.609358472392737
-6.05436414138401,-9.979371823723863,5.614157673834815
-6.0481730417764155,-9.969652846940251,5.611941452377135
-6.037908243333556,-9.93595376396376,5.594290850870945
-6.04191856260835,-9.916150049559084,5.584029242776305
-6.04001449435215,-9.906142070381254,5.5725715367864606
-6.045247696614236,-9.905699399067718,5.573577860984835
-6.054579716877758,-9.900017360014681,5.561832168474722
-6.068316026704052,-9.900559214718806,5.562238691785762
-6.084631662969544,-9.90773522137426,5.566559482716261
-6.097124535723501,-9.920277219295652,5.573550790473078
-6.113149359871122,-9.931740338475981,5.584942230311478
-6.126192608257731,-9.944269683984903,5.596180239019364
-6.1341306022689395,-9.956926028097936,5.60815712308586
-6.138221376460492,-9.962691709890285,5.615800166775682
-6.140402761383787,-9.959932417036189,5.620127476941273
-6.137856818718026,-9.959770047010556,5.615141284032113
-6.132997598074778,-9.958836674323845,5.605865913578728
-6.128419309919491,-9.955363953767565,5.594917006854692
-6.127958036907327,-9.952958650292453,5.594120279770154
-6.126302687700941,-9.95048171992154,5.581774692583746
-6.1322239928574565,-9.943248926037132,5.562714782117483
-6.138192073333261,-9.942523806932009,5.559052986918105
-6.138192073333261,-9.942523806932009,5.559052986918105
-6.148070218259816,-9.938522178859053,5.560174180595647
-6.160182121867793,-9.938097926645089,5.56375659068646
-6.1699206655171865,-9.930072200314944,5.565207026543702
-6.183122365431332,-9.927724749093196,5.571922212448688
-6.194902264068113,-9.928884583809419,5.579736086386521
-6.1981744698044166,-9.93327451434802,5.585582731185751
-6.20349916424574,-9.935562805182226,5.59336268336227
-6.195225072289779,-9.939469547558344,5.5999572620238816
-6.198612700788918,-9.935891536071173,5.6025224755613765
-6.1770476254719044,-9.935274959716148,5.599251452147066
-6.165346015247648,-9.928076689423108,5.597197420225742
-6.151821732571179,-9.924059748739657,5.592588457543108
-6.1231620155563835,-9.919635044713385,5.580641848311412
-6.127524438343798,-9.917508813974335,5.580134997639197
-6.101327476936599,-9.91250434832801,5.5672289497707155
-6.093286618715738,-9.909406646164935,5.562975202025494
-6.079137342729042,-9.906371830841156,5.558240801522321
-6.072099098432019,-9.901918236273124,5.554280167750686
-6.068822701478717,-9.898331160790868,5.553023316139583
-6.070119967479027,-9.897305168781173,5.551948058734468
-6.056289190078561,-9.891269703941914,5.553854685276926
-6.052717361010396,-9.889107063293244,5.556618615574091
-6.056330625270839,-9.892797127801492,5.563788619714899
-6.064209943662465,-9.8976338983552,5.57405877508629
-6.074018316887303,-9.905274960783494,5.585655192486792
-6.090147980984103,-9.913368261742606,5.5981212713034605
-6.111291452756225,-9.920808814148295,5.610109386668028
-6.132856966299962,-9.927439536390999,5.619111208856419
-6.152279804970023,-9.931005343329655,5.624555991551206
-6.180287261601779,-9.93775252110069,5.630220357662087
-6.1975672793338115,-9.9367714326994,5.630049451211855
-6.217710850946793,-9.938688742190674,5.630667783111566
-6.226813071984413,-9.941072791508597,5.633499862140311
-6.232407418002995,-9.942057915491759,5.6352557656156135
-6.259952341387667,-9.945627113025035,5.634736475841417
-6.282830727381671,-9.947337371346778,5.638437538570127
-6.298268407105845,-9.94370833698679,5.642482462972631
-6.307184955583404,-9.941961610271713,5.644171967920023
-6.307184955583404,-9.941961610271713,5.644171967920023
-6.314742545278989,-9.939485291275291,5.644896427472301
-6.319917609103998,-9.929797630974727,5.641286613148147
-6.319290728335705,-9.922872093876643,5.635937724352877
-6.3160150707650855,-9.918394580681989,5.6308585224076975
-6.311616614636663,-9.915001651491231,5.626791667181052
-6.308343827091593,-9.917267199383275,5.622830853809244
-6.301666866996141,-9.919664961599247,5.62076867665646
-6.295597611929724,-9.916915806484864,5.6220439032452845
-6.2905091435589595,-9.920974826598455,5.623322004979819
-6.285391455758025,-9.926535311431092,5.627344685910929
-6.290519751793696,-9.92544790050259,5.629493701977742
-6.288074733992236,-9.932546921693714,5.636695072775559
-6.305029220524805,-9.927936915018865,5.642327226906797
-6.296508480620792,-9.946549535198944,5.658806131463867
-6.296326539918843,-9.954037696620635,5.66827781206427
-6.285276936352181,-9.963565161622244,5.673364393555167
-6.281770149823328,-9.968252388463025,5.680569911822702
-6.274731390317031,-9.975113157021852,5.6845794596722525
-6.266587729028864,-9.97631249520571,5.68612125170483
-6.244270665134396,-9.980519707862959,5.683076435157541
-6.23652066538415,-9.979045637553208,5.68060508344534
-6.228410947416801,-9.980425468895733,5.676745254042309
-6.222056300712343,-9.984117733427853,5.674374434844745
-6.222056300712343,-9.984117733427853,5.674374434844745
-6.219342418244049,-9.988156027754716,5.674597882250158
-6.225243183669312,-9.986900752626202,5.676017516939246
-6.225243183669312,-9.986900752626202,5.676017516939246
-6.249668762533866,-9.979980531614919,5.677519283399879
-6.2627612222354,-9.972027631381213,5.675925853232515
-6.283247615195054,-9.970341704978814,5.6697726964165875
-6.283247615195054,-9.970341704978814,5.6697726964165875
-6.307642880671728,-9.967414721104205,5.661825186720411
-6.367992108134899,-9.958209847588824,5.6417369151956525
-6.35766761633651,-9.954756657227549,5.643040230481735
-6.422911559977914,-9.951209511793424,5.629309141416642
-6.449467602349053,-9.951838773476124,5.628286688032242
-6.438600119127058,-9.94874460863401,5.6271744825728165
-6.465258213497005,-9.952777126800425,5.629803935751009
-6.4898747484364625,-9.956782118527506,5.639147717862251
-6.515467593112347,-9.967456242716404,5.653772790919355
-6.561750233062546,-9.989372305489375,5.680198087727099
-6.577920650560773,-9.994699035813449,5.6927721738695976
-6.577920650560773,-9.994699035813449,5.6927721738695976
-6.598355404688618,-9.998475971311619,5.701676616659058
-6.634076232976703,-10.011902118678737,5.715292265021612
-6.649718787028992,-10.021051566637823,5.719434817925896
-6.65474167219106,-10.020194285618254,5.717045451744151
-6.657175104494522,-10.019783735002646,5.7167336714474155
-6.67167315556026,-10.025964622739153,5.719050141664765
-6.680675461246649,-10.02843109801316,5.717361456718872
-6.681159225432113,-10.027965534973374,5.715520186003261
-6.6852219859983375,-10.048366345822004,5.719349988272226
-6.6780862528545875,-10.076436251522908,5.73102766297384
-6.668988925748898,-10.089208825733985,5.736271885179601
-6.649097747764522,-10.098464426495173,5.741141612197676
-6.628781990894518,-10.105203928914221,5.746930498619116
-6.607839591090159,-10.109166430863322,5.751325652774724
-6.599760311142585,-10.10695863542451,5.749273634493382
-6.563413588658927,-10.113016299056284,5.749356342745297
-6.547484488874791,-10.117286062000499,5.7433507345554276
-6.532897784741595,-10.113966864503505,5.740071738260047
-6.51098200291595,-10.114732423634939,5.731705088950316
-6.505681137870225,-10.11183416143257,5.732300509445459
-6.48144840412627,-10.099540467769566,5.714570630421413
-6.466275864406453,-10.077267689434123,5.697350450389576
-6.461359314604016,-10.065255190388767,5.691834657839267
-6.461359314604016,-10.065255190388767,5.691834657839267
-6.459967166855692,-10.060133113991997,5.685395925927773
-6.460836865283416,-10.048429328014988,5.683729555921534
-6.464275031677574,-10.045447195173514,5.679835396011791
-6.469876131069206,-10.043188906177939,5.6818099803879205
-6.482992244209225,-10.048568698734249,5.683938052768687
-6.490170405903801,-10.054483255651613,5.683223371689542
-6.49529429790614,-10.063099910193632,5.683069570697691
-6.498799230509084,-10.074156827159278,5.680914432633809
-6.504629402399566,-10.086380537498368,5.678959224120262
-6.505852649535307,-10.086374065376756,5.67732223168837
-6.511227184599565,-10.100901429938562,5.677254084902347
-6.516916264329101,-10.115990540504331,5.676805785291359
-6.5232381503429435,-10.127577030703694,5.677025299932306
-6.528179626960431,-10.15580406748509,5.683143231118352
-6.526195260031407,-10.166135624977482,5.683214600585682
-6.523411791541085,-10.177818536331975,5.687435848718434
-6.520970288637343,-10.185552046594665,5.6960972203380535
-6.51346908116379,-10.18827502144709,5.7099187921089065
-6.51346908116379,-10.18827502144709,5.7099187921089065
-6.513567302969114,-10.168019106931528,5.716257018587222
-6.514654946349525,-10.156444201849974,5.714213555305578
-6.5166675208030584,-10.140018564813102,5.710293840055266
-6.518431763358905,-10.117961146327612,5.705799816215168
-6.517222745323662,-10.094315554977934,5.700066625006306
-6.521234809517344,-10.09484169019921,5.700390406874306
-6.520882338431147,-10.058773631012093,5.693941429299401
-6.520999886389327,-10.04673539997773,5.692162122733662
-6.519901253060545,-10.035061210086704,5.691224330176952
-6.5171253929135196,-10.02686999949521,5.6905585666213065
-6.516390845202639,-10.021605384623228,5.690467014402001
-6.513281889371456,-10.029076306309065,5.68670530261749
-6.517552359313309,-10.02117191869145,5.686361194740722
-6.513710035117818,-10.02393835591146,5.68410108395841
-6.524535787172876,-10.025757230861277,5.691205076414159
-6.523086512334578,-10.033560884311441,5.691981587388451
-6.523289466081947,-10.039134956009063,5.6906653640873675
-6.520537743596523,-10.041051268836862,5.687687405732539
-6.5185338341841295,-10.046820647002104,5.680963007257231
-6.529341800544052,-10.05182994704577,5.673451097054102
-6.535810713368567,-10.049927060499495,5.6665106454016625
-6.542024635632238,-10.049283130925676,5.6609772439376025
-6.549496699872856,-10.046536337639674,5.656992164841603
-6.549496699872856,-10.046536337639674,5.656992164841603
-6.580926010118128,-10.039735468222617,5.652380020031898
-6.596796818794617,-10.036750630790719,5.649068764637796
-6.618339609450502,-10.034244435008052,5.649635080479469
-6.638308421786812,-10.034978514509046,5.65472729898221
-6.658271148917337,-10.0327320321306,5.662113856466215
-6.6732695822787935,-10.036547849573275,5.670424721805614
-6.674414654250419,-10.03325905520509,5.669917273285427
-6.6971775916704175,-10.0412212008887,5.684779043081599
-6.703839274397041,-10.038781377699394,5.688645957270843
-6.7101747172688615,-10.042096294435426,5.692131971733301
-6.7108285684569315,-10.042736996467264,5.691659563734385
-6.699343220158517,-10.042992671720945,5.684841616820958
-6.692422537242834,-10.046320081602362,5.6826156000277335
-6.683359909495352,-10.04879954523274,5.680485977179053
-6.66969311022884,-10.05198527498017,5.6787455118748085
-6.659721978359697,-10.056922119744527,5.67837568725104
-6.659721978359697,-10.056922119744527,5.67837568725104
-6.640403472722265,-10.056548638424063,5.675343083639566
-6.640403472722265,-10.056548638424063,5.675343083639566
-6.626058456269734,-10.054331233378607,5.67145938112561
-6.599456221990792,-10.046371272352436,5.661685185377103
-6.586494337829412,-10.047414778605525,5.655922501255252
-6.565071944608253,-10.047525299613692,5.646511001069989
-6.551428733287362,-10.052452695103673,5.640601570622923
-6.546165738008556,-10.05313274511285,5.640312539925382
-6.511423649087707,-10.065742811132985,5.638622018476073
-6.490036582025063,-10.072423104425216,5.6402482839271935
-6.472100925036557,-10.079715100387162,5.646272248376586
-6.4539851199352185,-10.087476938546907,5.651949076724904
-6.441928735520416,-10.092246841386363,5.65656652873405
-6.444996726065613,-10.093094256220144,5.656733503235491
-6.401264838624964,-10.098734514137263,5.660287920045892
-6.384409138647161,-10.097820141280126,5.658127325154392
-6.383241741845806,-10.097069789778947,5.657628620620759
-6.362632173323856,-10.087499259652589,5.653048052750488
-6.3436910339942285,-10.076515299672824,5.647604428776502
-6.34634176592227,-10.077156013700975,5.64911756398425
-6.331323012069522,-10.063485433752419,5.641596462808701
-6.315816200386608,-10.041492357025414,5.6268302964403585
-6.311456378880544,-10.032340188254159,5.6202721110247555
-6.3125329870375655,-10.02759134780694,5.615836800226596
-6.32959970685752,-10.033868019598007,5.619522506510355
-6.345302975662105,-10.038532768725648,5.622722820050816
-6.358645459502849,-10.047393499093081,5.627821496953976
-6.372008254577079,-10.059854436542267,5.6371382483881005
-6.385456690750734,-10.071212931365332,5.647886049394668
-6.405640729478709,-10.100179423181073,5.673798169828194
-6.414314381976214,-10.11992843572238,5.685060799575835
-6.419502636755416,-10.13513414004153,5.6922773635666095
-6.420374343419309,-10.138730959828195,5.693975317484261
-6.419447799336834,-10.141223152774542,5.6939014888683355
-6.41986013240765,-10.157788281237657,5.691835728423794
-6.419077338850923,-10.167800903433205,5.685726725141911
-6.418834331469372,-10.172349586484213,5.6783712144940885
-6.418895088204734,-10.17169555480984,5.6710035815645
-6.419646455506224,-10.167179610291035,5.664197759143375
-6.421597320827626,-10.157112097219999,5.658158753456227
-6.42444118017678,-10.146726472511,5.6526012998382775
-6.429113651603353,-10.136129582218235,5.648885125903502
-6.425376094202476,-10.117802564443084,5.6385536620514225
-6.419922627067428,-10.115398673654767,5.634680573131284
-6.413191415643338,-10.111627662284283,5.631929445586932
-6.4032657279392176,-10.106609799411817,5.6302095477344345
-6.389091553814876,-10.101937026256733,5.629010533254479
-6.374989844677889,-10.091455587397368,5.626346909001877
-6.376597186221821,-10.08525472081264,5.626256538826304
-6.384501324383114,-10.083621443011449,5.625799484085013
-6.385574180300215,-10.080303899213403,5.624991258889844
-6.396601470210384,-10.079856370407143,5.62583101497116
-6.404546575343991,-10.078759447984345,5.62573716796926
-6.413574331233084,-10.081814297250958,5.6275712872614845
-6.426081103750235,-10.083735886536381,5.632086715699671
-6.438648865744699,-10.084920939539796,5.63727098630082
-6.440709037643783,-10.084016681712367,5.635197481693884
-6.469845260249551,-10.089230301325054,5.6372271299942645
-6.482380896288299,-10.088198824726005,5.639083299424612
-6.495057721290948,-10.080954267856688,5.634852474922772
-6.509369758695952,-10.071736451482897,5.632394403019465
-6.522328304462001,-10.062430371483622,5.630073893879743
-6.522328304462001,-10.062430371483622,5.630073893879743
-6.533506333550135,-10.055048548878064,5.630529500692318
-6.528974116614823,-10.054570825437617,5.628485777503151
-6.53864251815373,-10.047807542260673,5.630859719850634
-6.532914344125352,-10.047489709536414,5.628474159991573
-6.536139224822038,-10.037732716009474,5.630203327119051
-6.5383832298226,-10.024788218218482,5.634378590587087
-6.532569434883483,-10.00962719638438,5.6352109944878706
-6.525047699434033,-9.982546462906814,5.644282787932643
-6.522648874308314,-9.98246345704475,5.643163793990915
-6.506540229092311,-9.962188816595752,5.645713131968643
-6.481834862855152,-9.94021151393162,5.638358088335862
-6.473436236042096,-9.929873113401761,5.63167860797468
-6.464154321370159,-9.920668526983576,5.622871681381919
-6.4567154030840035,-9.91428481821287,5.61362227377841
-6.449338144418692,-9.908675512594092,5.605504159405599
-6.447883706828617,-9.908761854746647,5.601655122572178
-6.445384461656569,-9.91512339945708,5.59984617988745
-6.445092111882945,-9.919892834878402,5.601515208562754
-6.447957404780714,-9.930121742192906,5.605516246866906
-6.445882362108092,-9.932994047959761,5.604449464405555
-6.448586498648622,-9.947578072673316,5.610820319226719
-6.454961086288147,-9.971227984788028,5.625147018124432
-6.454621384684992,-9.975877969061806,5.629612162125237
-6.455120970748795,-9.9732862986117,5.628952268580271
-6.455814812960431,-9.976792164708284,5.630285404738039
-6.458668038472631,-9.971848908236112,5.62689212747132
-6.462691370486464,-9.966767765588168,5.621413207912092
-6.466291136709598,-9.960989750398504,5.611272108861225
-6.465580261948507,-9.959544697230962,5.610092109106449
-6.475192105452791,-9.944392819795734,5.586555552624378
-6.485568871824145,-9.935355711266066,5.576025414042181
-6.48860403435109,-9.928950136201646,5.569089607067938
-6.489837497674363,-9.925724262614972,5.565985083312453
-6.483363843868477,-9.930421543448888,5.569539408104879
-6.476441577374745,-9.933029234408188,5.57577301274994
-6.4745025010227994,-9.928719506713522,5.575344453041819
-6.4521362859194795,-9.945456427085913,5.591623714438521
-6.447267399163341,-9.940254801935215,5.590781081310441
-6.4381402530232075,-9.950498319407307,5.594763541368587
-6.404550504278457,-9.961573111358474,5.594199259731063
-6.397164149064396,-9.960563906977868,5.591858669140947
-6.389753618166146,-9.959248972036766,5.589144006595563
-6.357292487299212,-9.985449127568495,5.588188530433362
-6.33542107958572,-10.002042022643435,5.580027446113647
-6.320313924390489,-10.019180030838864,5.570913538391174
-6.310608857919386,-10.04804622034386,5.568395481234028
-6.303350482066932,-10.059432930529416,5.5630243246278
-6.302635128548328,-10.070542152274669,5.566961524721223
-6.303726215290617,-10.07696205374161,5.5723837170428405
-6.306477565418506,-10.082091242811337,5.580607583653937
-6.310252449059048,-10.083980831439634,5.584267014197472
-6.310115941493738,-10.083811901344863,5.587117171103366
-6.3140737457382325,-10.081914235754489,5.608471677239419
-6.315895430183904,-10.07755024324548,5.622763058110811
-6.320697098679709,-10.070945007572119,5.634544878991586
-6.323428642706726,-10.062212963038577,5.64571245983841
-6.327251594918589,-10.041007090361516,5.660028515519582
-6.331149828451369,-10.02944758710247,5.6616329874547455
-6.33315839236448,-10.018108431166693,5.663254673435199
-6.334084527834121,-10.009608319782144,5.661671103493031
-6.336863743090826,-10.000361363822954,5.658467999600982
-6.343559551252581,-9.989587916817543,5.653817574483219
-6.358577259023745,-9.975997844058185,5.647844904376046
-6.363139890916654,-9.970097496120951,5.648502138004126
-6.365588746896571,-9.967011059816771,5.649581615749206
-6.363902927065734,-9.96449331729427,5.651859508294979
-6.364140990944782,-9.96923257591317,5.656366588014601
-6.362926674116381,-9.967538772052704,5.6566665053173955
-6.362926674116381,-9.967538772052704,5.6566665053173955
-6.348752120570669,-9.971489004243368,5.648679644754181
-6.339773242765231,-9.980953173687642,5.641945111556314
-6.332906495106645,-9.985584308700322,5.633905000082899
-6.3231572625869035,-9.990893941580755,5.624800460602107
-6.318134882388476,-9.991625041837553,5.624298562534024
-6.318538947065635,-9.99413268741989,5.617488149139693
-6.317628908625618,-9.998372293982882,5.612019317876009
-6.32437298028316,-10.014424248150183,5.604050999169514
-6.326042900354689,-10.025967739629639,5.605468464780919
-6.327780666846813,-10.040169002028168,5.610338862203053
-6.327151148691283,-10.05873217601959,5.6166879926691164
-6.327869885305369,-10.070501680745371,5.626708638943886
-6.3308540949379095,-10.080669186508421,5.637933508549982
-6.329648474494506,-10.103017284445356,5.65340828624844
-6.324606632260438,-10.107948596702043,5.658994497373839
-6.317913001780328,-10.109770566119842,5.659800965357812
-6.305711235714395,-10.1036985441769,5.656211506681606
-6.293101654218993,-10.098470524927919,5.649554759181173
-6.277351683351817,-10.084221899833123,5.636077062885281
-6.264181780072318,-10.070167165198654,5.624499981894796
-6.251527160497761,-10.055717801562293,5.615175441925592
-6.240760038414252,-10.03757687337026,5.607218878332643
-6.233743102917748,-10.024578793407606,5.605604554563758
-6.226907447218408,-10.021599785765499,5.5992054066061
-6.21579744503618,-10.00775297933928,5.596250697271746
-6.203479380481677,-9.995527285321643,5.595270444012159
-6.192223841845633,-9.985063463278232,5.596752921919106
-6.184328208217568,-9.98642943174146,5.591533474420634
-6.176549652235856,-9.97652506275307,5.594857880577939
-6.174261555341565,-9.95168531411177,5.613851439749207
-6.167255651783446,-9.95892285270343,5.609099142363187
-6.162388784310308,-9.949506603545947,5.616905692865551
-6.1537069307042636,-9.944119047027675,5.625784475326189
-6.15127001171081,-9.948278851569295,5.625335675839812
-6.14414729796422,-9.925710625439617,5.639984851618953
-6.139251863099378,-9.917531383122164,5.645551400879652
-6.13620317874562,-9.91070925302175,5.649480545867032
-6.134410263100758,-9.908302117379437,5.6483253497657735
-6.135113312597524,-9.900894754353063,5.646498607948498
-6.137613004686282,-9.886678962941671,5.6439174498642934
-6.1340293791507206,-9.873753580948595,5.6362115257377345
-6.130066122212489,-9.869235292523477,5.630454916882589
-6.122861520091214,-9.867429838174154,5.624093427640826
-6.106823352751844,-9.871891631395616,5.6187161966591335
-6.091733013800692,-9.872326412160685,5.616272909289311
-6.076778965229073,-9.874399801088202,5.617453173779794
-6.070296929070102,-9.877157568608931,5.622341745936432
-6.055101039703395,-9.875064607437773,5.620810880923958
-6.045780208779178,-9.874533650877293,5.626262429921845
-6.040882665058698,-9.870211854754826,5.624461111959481
-6.040882665058698,-9.870211854754826,5.624461111959481
-6.042848298177174,-9.873216712999131,5.641060804550362
-6.049601014192429,-9.859801027233562,5.648471164485632
-6.063210752426264,-9.858103340613491,5.656937114124693
-6.07714615892844,-9.846038329712206,5.664705594934466
-6.1087835668706925,-9.836870248522578,5.67375994156854
-6.126556625671995,-9.834282359954324,5.676826152887657
-6.139029186667774,-9.83132966436491,5.678268770168491
-6.145872580681692,-9.823401981606818,5.675666832234309
-6.162250980483373,-9.8201910302748,5.674849803005573
-6.1750242451787996,-9.816463598364122,5.671869581171576
-6.206433862788318,-9.809478266048943,5.66724769091437
-6.216131688659567,-9.80140699431199,5.662622314846177
-6.230643532981188,-9.797408701295241,5.66081355556213
-6.229286684885272,-9.794080896078665,5.658726763748382
-6.258551859732798,-9.800910530609201,5.657037652491422
-6.272118512928659,-9.811513209833816,5.657862964138689
-6.299237574881697,-9.834744182275177,5.662228630425666
-6.305113791739679,-9.853556634978418,5.662975850811162
-6.31290119425595,-9.87201274258134,5.66494996313107
-6.311925419709653,-9.879953547366707,5.666067661462017
-6.321366071958671,-9.896731670609364,5.667401766286695
-6.3378802389519695,-9.92055653290479,5.671497946460703
-6.3378802389519695,-9.92055653290479,5.671497946460703
-6.356471316234919,-9.936982541594588,5.676749913420087
-6.388905788977178,-9.953898288274164,5.684404610817983
-6.415835905959477,-9.963241925335065,5.692332034798486
-6.4320727212116715,-9.968716313933548,5.697657970638751
-6.457253558628842,-9.972630692538361,5.705918242423576
-6.484678795236125,-9.978952598850553,5.715183120091828
-6.511338279785992,-9.985667687384664,5.723375492611344
-6.519219013100061,-9.98785327882391,5.728592777755621
-6.554843368077365,-9.9833260759884,5.735353203555215
-6.554843368077365,-9.9833260759884,5.735353203555215
-6.575397538510771,-9.977740551313467,5.742487543451135
-6.584847852975763,-9.976433451033424,5.745097498311268
-6.570605854908289,-9.973318942807174,5.746061933011792
-6.564116754247769,-9.974526205284626,5.744371205878124
-6.549035133352874,-9.976223604876076,5.740642577637247
-6.51099745018805,-9.97417724037993,5.731361718076057
-6.493188911645914,-9.975686385581422,5.726038197991013
-6.471449365615024,-9.976299182523547,5.719426723228843
-6.44558407331377,-9.976129608152844,5.713888118322059
-6.420646183147246,-9.974423525654927,5.711254939077342
-6.3995941428317975,-9.96976332902741,5.708413690653999
-6.379532219026601,-9.96793678599638,5.7052002885730015
-6.379532219026601,-9.96793678599638,5.7052002885730015
-6.365073683075231,-9.968165514037546,5.699160665789902
-6.3673967469197,-9.964572325715519,5.702778918669373
-6.37122331352581,-9.961879678470725,5.70468010429121
-6.354233377581133,-9.959646579280827,5.6832824003289915
-6.3605534681645555,-9.9483046614708,5.678420333287796
-6.357112627019274,-9.942935198180129,5.666130276585888
-6.3627220123113535,-9.93288600911031,5.652936096974106
-6.378420962896846,-9.913896161051438,5.64424185500351
-6.3787995202602685,-9.905710661707,5.630168252606837
-6.387308868839425,-9.89324578550836,5.622701129210288
-6.401300159406968,-9.876293193557458,5.621082368521899
-6.404304489318318,-9.87584883814368,5.6172783177929135
-6.409199034581811,-9.875701339831881,5.619982956554478
-6.418124888511048,-9.885536747021385,5.639661958952492
-6.430857976913794,-9.905349353266677,5.66602109732703
-6.444981951379584,-9.930641423048971,5.689452610009547
-6.455322342265934,-9.936900371565985,5.698944439681024
-6.466316034697173,-9.944403880323973,5.706881510991868
-6.470958494183316,-9.9386069450245,5.706344089709349
-6.486299455031807,-9.952792680160996,5.7143359353502605
-6.495929329022568,-9.954398053178164,5.716010671032052
-6.5056527243462,-9.955643658580069,5.717053337769159
-6.512837339105498,-9.955403355461675,5.717584720568163
-6.515086731738599,-9.955441986839,5.718351304410525
-6.521591063219409,-9.95411204716637,5.7146626278728805
-6.516903227834882,-9.95140300234648,5.725218645715267
-6.5167041244506745,-9.946086361379418,5.72913506062187
-6.5162976768510585,-9.938669967462772,5.732261422864728
-6.510339135344734,-9.930419171598377,5.737538362577773
-6.5099967027728045,-9.919911159479676,5.736287168691302
-6.515788043733226,-9.919030318175286,5.7346542252779305
-6.50307239024453,-9.8949990776899,5.738137656142921
-6.5018711319689455,-9.879796358612762,5.738034790575273
-6.49836244882465,-9.867210194935746,5.737247338434813
-6.493370611427512,-9.85333032050046,5.734555397336336
-6.487244699179118,-9.843006758725775,5.728715617060541
-6.494680887332273,-9.846153343519093,5.727810007141966
-6.468888762096941,-9.820837306396752,5.713932255417193
-6.457615278370405,-9.816487115348492,5.70410833919169
-6.446885318791249,-9.818961549235167,5.695623123312545
-6.4358000906139665,-9.82053542974897,5.690732093195998
-6.4267764618852725,-9.816411832571466,5.688371167799295
-6.426876406517884,-9.821296471453554,5.688476893174339
-6.413524068890941,-9.821835631135968,5.688917270712576
-6.409043416649117,-9.820200551013519,5.690198866258084
-6.407224464007076,-9.823497579307183,5.690081130323881
-6.408012482514225,-9.825231397160593,5.690810907201798
-6.405993650319915,-9.826675600198003,5.6920513763194345
-6.406784483864516,-9.824909130091985,5.693809638311473
-6.408342023671358,-9.825429752940563,5.695079530993562
-6.409244003693281,-9.820345647150964,5.696562685419986
-6.417707030890259,-9.817983629971996,5.69970752321365
-6.424592916539296,-9.811585770058352,5.700105467391833
-6.431960041088642,-9.812330947087204,5.701255252836364
-6.4321726701148005,-9.816122607122123,5.703061077376706
-6.4357272968974835,-9.818360949349852,5.705508166266371
-6.43921145099346,-9.823198198946697,5.709899772542721
-6.443901032408898,-9.82602904665339,5.716608671952401
-6.444795192072562,-9.832014470464289,5.720965591045504
-6.442352185502997,-9.827193752447732,5.721787032023879
-6.4467682639495,-9.842804117397014,5.7203065330568315
-6.445737650032294,-9.84268610666477,5.716745065293052
-6.437805689934094,-9.835166622482074,5.714033067697871
-6.44481328531034,-9.843956427457865,5.699145832225521
-6.435789089619174,-9.83920317957104,5.683800301207578
-6.440981502265249,-9.846771465789006,5.661538184456603
-6.440981502265249,-9.846771465789006,5.661538184456603
-6.448038901620876,-9.851451946793889,5.6534894982497015
-6.429717697084289,-9.847401357900797,5.649412457200329
-6.431323154964738,-9.862029700867977,5.633137865052242
-6.4223667644172595,-9.866504491714533,5.626245093315025
-6.419612829995057,-9.875140432021196,5.621404725119406
-6.432076689145309,-9.888757557217701,5.625089926807758
-6.4250746727353745,-9.888763236470922,5.623556166846093
-6.427242201030004,-9.892285513130664,5.629626022446322
-6.4293015159749904,-9.89072267775104,5.634127926579916
-6.433850803473951,-9.887385108172253,5.63769160674028
-6.443047548869842,-9.885789387703571,5.640255081364793
-6.453692134796385,-9.881494329227484,5.642816364999559
-6.453692134796385,-9.881494329227484,5.642816364999559
-6.484172076197375,-9.870689366492845,5.638297650794325
-6.4986009026626785,-9.870541730221817,5.640427908272846
-6.514851658440082,-9.873663489859213,5.647842616441771
-6.5306710528708,-9.875590430642537,5.653091108778317
-6.540126422565507,-9.875599049957582,5.654372764490555
-6.546213427612231,-9.881760046537147,5.659934049710667
-6.545860204632528,-9.890714920564678,5.664246999922983
-6.541822224799827,-9.89500133291339,5.66486338457267
-6.532869860553925,-9.8954424467194,5.667583047460657
-6.515332361891034,-9.898295421142459,5.670599687925333
-6.498789434854849,-9.897514189148056,5.67026301211285
-6.47900439674011,-9.8915072324199,5.666777119382611
-6.474692597922966,-9.893944488339304,5.668516954194966
-6.4211665183799695,-9.876408441198395,5.651373104241269
-6.3882782689139335,-9.867988985868907,5.641841024776656
-6.358036852434664,-9.860352793059468,5.630677432989046
-6.33053367072164,-9.855565464569798,5.619069686765
-6.306103281281793,-9.85328650316178,5.612439033517432
-6.307200165018104,-9.84959542803826,5.613701677319155
-6.308583790158186,-9.846458075650625,5.613820717424409
-6.266100291592378,-9.84757099234714,5.609037631651561
-6.253052878843746,-9.849259039400273,5.613430833986837
-6.254599149203519,-9.844463748665309,5.614060040304732
-6.23307457451658,-9.86523954995073,5.631486257516235
-6.227834015370811,-9.874181696337935,5.644048650592951
-6.224972088129187,-9.86783189286612,5.644252342973332
-6.2237523246107145,-9.904509361032153,5.663291673225658
-6.2336098527350705,-9.915950438392274,5.669373335039674
-6.249886109385432,-9.939151955205574,5.677394809523789
-6.249886109385432,-9.939151955205574,5.677394809523789
-6.256319259667524,-9.942686658707023,5.678949847687027
-6.265611258333674,-9.945715380533974,5.675135993006348
-6.265195343579826,-9.949405935119493,5.672858707135986
-6.277728105331386,-9.943805713998852,5.66940282165239
-6.279873078961746,-9.943582852822543,5.667560951846991
-6.280921954308201,-9.939074302540464,5.663504334913775
-6.280921954308201,-9.939074302540464,5.663504334913775
-6.280597838133088,-9.934280483176709,5.661300223927186
-6.276397911303157,-9.92929981370369,5.652971660523574
-6.269693213248201,-9.923500564262756,5.650800268514144
-6.26781658769598,-9.925598599107209,5.646994818521677
-6.264680176927411,-9.922003399524511,5.649785038833574
-6.263058016783912,-9.92417847931954,5.649206964994228
-6.252948133544617,-9.924767736420378,5.6541384059418585
-6.252948133544617,-9.924767736420378,5.6541384059418585
-6.245440535878227,-9.921367203552757,5.660181604313666
-6.238079690644708,-9.917018758208624,5.6652344920534246
-6.226309083075153,-9.912017607317635,5.667845013476093
-6.229096385799737,-9.891874412724476,5.673817595669199
-6.233244780961587,-9.882575732711176,5.67347345311955
-6.2285356471418405,-9.880405052225873,5.666678748846
-6.225141871285645,-9.884918139460302,5.664135997146989
-6.2238670110364165,-9.88569106986697,5.656960933748432
-6.244533595632887,-9.870054844986798,5.647181659698137
-6.251597433028955,-9.869513887695335,5.64086498619997
-6.264073790068551,-9.862428513522847,5.63765138894164
-6.273352300472028,-9.861359328697453,5.6330371403381125
-6.276246919327506,-9.865728533972844,5.63017807619217
-6.297102388505397,-9.85100313923165,5.6300565139079675
-6.294172712501828,-9.848478739601209,5.628271133060046
-6.303645997012675,-9.840254777002038,5.629934928555713
-6.303645997012675,-9.840254777002038,5.629934928555713
-6.320173174618136,-9.829051074455602,5.631600500261071
-6.310569466433457,-9.821080471703022,5.628294488269064
-6.310279220629301,-9.816233616738169,5.625905545656137
-6.311406159766999,-9.808542492163088,5.620816306261921
-6.312451713599081,-9.800981790990297,5.6144515454703185
-6.314182029906615,-9.792827435292555,5.607083293998007
-6.326423933996641,-9.787067074797417,5.602132740932366
-6.3230865943816035,-9.777750337351039,5.595429783464558
-6.325197920922564,-9.772052384054547,5.593268223506284
-6.33356664141505,-9.768608069788158,5.5935137584410555
-6.343854993047576,-9.77173165024848,5.593948521775691
-6.341043967261298,-9.769232461175639,5.595221824942394
-6.352912134199484,-9.777457839154263,5.598452193207011
-6.356428099284332,-9.780199146902111,5.600247563780509
-6.345548235087433,-9.786413464832027,5.5994797672205845
-6.352864866800728,-9.798851330524833,5.599076217581536
-6.347562172544777,-9.809857636943473,5.596516548904958
-6.347562172544777,-9.809857636943473,5.596516548904958
-6.328827781689102,-9.820499764517473,5.58781341968489
-6.314699546911207,-9.838667676664784,5.577221422188088
-6.2972979596256495,-9.843302835708682,5.567021649870815
-6.284904625201805,-9.84906272557137,5.5665223399017805
-6.264293300619765,-9.85296907924073,5.562143527430376
-6.264293300619765,-9.85296907924073,5.562143527430376
-6.221512297275678,-9.860163302150639,5.57617570298991
-6.19255625612002,-9.85610571988213,5.587205529037944
-6.158301453631697,-9.857893735670912,5.604502570789567
-6.12333399461255,-9.857760063998175,5.621760568907439
-6.091043955417284,-9.858092454623534,5.640083301752329
-6.059479226780985,-9.854460946067313,5.656358478007629
-6.069127400895903,-9.85772148321589,5.663858127638094
-6.014333412628362,-9.852658659857338,5.684261670547979
-5.9870671062715575,-9.852039844292229,5.689959014861503
-5.973032422869542,-9.85360962149941,5.695414297519985
-5.956685018767264,-9.856746984536077,5.6956785531724625
-5.9392757555665865,-9.857312835549964,5.694507467107697
-5.92330921438289,-9.856697155146659,5.692816283742543
-5.909369325897737,-9.856967261563005,5.690727660101582
-5.901889341658418,-9.860225579429173,5.688618184748888
-5.895065489877319,-9.862360367795567,5.687345711883059
