-12.695574422240698,-10.133701140942168,-0.8185070824282725
-12.689419364866914,-10.146719358034185,-0.8440758680004757
-12.690244588065983,-10.148891160238376,-0.8551513593226658
-12.697114178469663,-10.153741496177332,-0.863122154271941
-12.701363866685192,-10.158654042997588,-0.860371695073905
-12.69061560183284,-10.152538755040084,-0.8847420447365306
-12.694253466695278,-10.164698081790538,-0.8883817236933168
-12.693709783016264,-10.168648823501663,-0.8902791612831336
-12.694776311751461,-10.171597524614233,-0.8872655565205785
-12.696262142511676,-10.162411654043128,-0.8804985947314934
-12.699740678749135,-10.169993355741303,-0.8807927779467526
-12.710135335554776,-10.165787469531432,-0.8714525773107372
-12.72278503014931,-10.156201141733604,-0.8594356304685076
-12.744366428912006,-10.149631025908617,-0.8478093134606721
-12.770706076073537,-10.103035373615329,-0.8219136482443268
-12.794708877171368,-10.084007596587888,-0.8098507411433785
-12.801319076665735,-10.08517073021932,-0.8105280584517268
-12.812300137150254,-10.067649380830865,-0.7970106576346253
-12.836422420826432,-10.052747632141129,-0.7854193149388093
-12.844424110824496,-10.052065825911793,-0.7856648063275632
-12.864950302638423,-10.03627784140434,-0.7632523971662316
-12.869313060071004,-10.036689259235814,-0.7632931054690981
-12.877700221930738,-10.0396437306458,-0.7537521994630727
-12.88323806260308,-10.039234230001135,-0.7511509727495934
-12.886464362154113,-10.041730314736835,-0.7517256675779507
-12.890187713607709,-10.04325267703803,-0.7553781435438243
-12.894781397266176,-10.045462487803128,-0.7625259317559495
-12.898192262298169,-10.052104696265591,-0.7724386109765132
-12.90647725222048,-10.04872889885009,-0.8017489570406254
-12.90999998228539,-10.040690510158724,-0.817932322773748
-12.9090410570113,-10.041899827436989,-0.8158181249349136
-12.916530282741496,-10.032868326651137,-0.8329181914926588
-12.92457024429188,-10.024262293495246,-0.842926253801359
-12.950906782289666,-10.016961272277852,-0.866660670466648
-12.967902332266117,-10.019060109994049,-0.8753066402081627
-12.971788861607076,-10.019008039654173,-0.869340944729961
-13.00999208737014,-10.032466248844912,-0.8882843004766229
-13.040858495272552,-10.044775371178302,-0.8916266272957492
-13.051355647100252,-10.056939685408661,-0.9027597857275755
-13.078601452589615,-10.06318532693299,-0.9069199367586179
-13.089350266665415,-10.077041674785427,-0.9270440283958744
-13.098281193948516,-10.069076823419039,-0.923169542088071
-13.10396228959438,-10.0579646633688,-0.9199767316721525
-13.086873618030246,-10.067071242364303,-0.9469796116930094
-13.092132859429393,-10.034864601759224,-0.942286646195914
-13.078950160691772,-10.017534569492572,-0.9554599243034894
-13.05973897224115,-9.999525661164693,-0.9714153285531691
-13.039704913822446,-9.98287850084385,-0.9912893610172274
-13.014622957083214,-9.945022873812517,-1.015648851558052
-13.009982133470054,-9.923315069868641,-1.0172808134948175
-12.99224009894391,-9.910799565977337,-1.0383260753621828
-12.977947901854021,-9.899983316655417,-1.0565312692111386
-12.963914358931362,-9.928303044495808,-1.0854457943225273
-12.959579000105007,-9.925805608069737,-1.093654522785945
-12.959691180970491,-9.879440274089893,-1.0870026362815273
-12.958763962572002,-9.873365661899149,-1.086219181810474
-12.960838829725613,-9.908648736906319,-1.0808030667550628
-12.9570009724247,-9.895156760280557,-1.0633367504785636
-12.951679671370801,-9.872574456101717,-1.0502294274040327
-12.930257036258,-9.834982568824245,-1.007272845985043
-12.893796091122978,-9.809261535553532,-0.9853440141436735
-12.893796091122978,-9.809261535553532,-0.9853440141436735
-12.854566859818968,-9.752623624634166,-0.9622295471942055
-12.80267768181746,-9.680668759763705,-1.0019027961611837
-12.785346719938744,-9.646336032052613,-1.0418246413336845
-12.768661079540932,-9.592519797411393,-1.074397412699607
-12.75978917477624,-9.542275328262763,-1.11178340524186
-12.760063446815584,-9.4796249463722,-1.1324218921515283
-12.758301627938076,-9.456916950403645,-1.1589756277905006
-12.763515699007398,-9.4476641187513,-1.2049079922395423
-12.76227293250115,-9.445836839194005,-1.2033318996022508
-12.76227293250115,-9.445836839194005,-1.2033318996022508
-12.775900960041795,-9.47320766790425,-1.2055458558960113
-12.761039635503407,-9.445708352131726,-1.1685747640505433
-12.757183321640616,-9.450201139873979,-1.1416409377495278
-12.750198367828418,-9.45772558426597,-1.1150147064563698
-12.748463455903506,-9.481837880833965,-1.10301575789918
-12.729097047223185,-9.517142403973741,-1.077965342346665
-12.696176366476962,-9.524066837305053,-1.0641258374844589
-12.696176366476962,-9.524066837305053,-1.0641258374844589
-12.66600797321817,-9.561901629788682,-1.0788666933005953
-12.610796111681001,-9.559048712032371,-1.084318093307204
-12.589253656476439,-9.557339715393287,-1.085677753756411
-12.5233653751933,-9.539806656545377,-1.0966634392858403
-12.494254724265264,-9.4858276106332,-1.1095716892382759
-12.472190224696947,-9.47736320120245,-1.1090826833569472
-12.431044083899797,-9.410839567208045,-1.1032549127222497
-12.421655279468311,-9.352580531563587,-1.0942729899096102
-12.428531713553813,-9.25381710501707,-1.0774628038362906
-12.434936157641944,-9.18657333662978,-1.0670707715393382
-12.44428310515395,-9.116163398249833,-1.0576372739181528
-12.443366923187767,-9.082663841782818,-1.052735598635464
-12.471853226996886,-9.020564916061849,-1.0426561467348696
-12.487365083748482,-8.95187698499312,-1.0348505659933478
-12.509879394445614,-8.880713220097592,-1.0286431870087938
-12.54619020789709,-8.75658455248654,-1.0283032053435508
-12.58603256856587,-8.676974795122325,-1.0346733904697432
-12.628614579310344,-8.609705825993284,-1.0483884207965934
-12.669667058571523,-8.552564241794839,-1.0745065924034893
-12.71785696473907,-8.4772346889236,-1.1317083812329545
-12.730966396063712,-8.500207687438305,-1.1971021589031765
-12.75597749003772,-8.453771806164974,-1.239983073097857
-12.75279906204076,-8.465128547509492,-1.270932059027831
-12.736591986051442,-8.478266013517455,-1.312942672134534
-12.745160510414287,-8.461241553433617,-1.362621409315301
-12.739894923106668,-8.452846952576294,-1.3668731746753182
-12.746735347719293,-8.474413356568068,-1.3804039494897742
-12.746171533310545,-8.458959744265941,-1.380627443320598
-12.753372989826525,-8.441048586272949,-1.3721647343697188
-12.758885650975794,-8.44199813833092,-1.364356479744858
-12.750768764732216,-8.47588532303153,-1.3599995468902077
-12.775850459208813,-8.439981140221482,-1.3582566299416694
-12.801067427124563,-8.420225384822368,-1.359121260317945
-12.830664181416088,-8.41884992306492,-1.3897864303432808
-12.886374842101494,-8.36758311914691,-1.3487986344349598
-12.886374842101494,-8.36758311914691,-1.3487986344349598
-12.95682994682781,-8.33808834824131,-1.3451467236508796
-13.021814416410967,-8.326387035229967,-1.3169227723549948
-13.079660208500759,-8.262915380800072,-1.2660953861796942
-13.126393647786966,-8.281870928710704,-1.2263989394323258
-13.137963752262538,-8.26419217108741,-1.2102132999170483
-13.148032654584796,-8.290634141857122,-1.2004209216660549
-13.165073635354323,-8.343380435727692,-1.179177996810524
-13.159763775276767,-8.330962645190864,-1.1759113657406006
-13.12712020467776,-8.348805816590593,-1.187289599996013
-13.101938320280919,-8.376865504238022,-1.2021431268559166
-13.07079615945204,-8.402614491701582,-1.221690761735153
-13.068602061305569,-8.435682024735794,-1.2206987679570518
-13.06226134563206,-8.491947321337516,-1.219421443141545
-12.996240932120479,-8.487418687147287,-1.2740026133822293
-12.996240932120479,-8.487418687147287,-1.2740026133822293
-12.932028169929087,-8.489893258211643,-1.3342163171834085
-12.902860880148,-8.495678664561343,-1.3628378958437217
-12.874340394024212,-8.501829761010516,-1.3885060866076346
-12.864738651213122,-8.52729447261487,-1.3826974967637045
-12.84035336765679,-8.519826398645943,-1.403478080936136
-12.820343593840017,-8.505400234710086,-1.420153481357443
-12.806280177672823,-8.484207566827973,-1.4340452490138214
-12.798514026593478,-8.469709425573154,-1.4484109043847282
-12.789658732868435,-8.445338615940976,-1.4568131101317483
-12.787885603327206,-8.431663730949195,-1.4542916940631938
-12.784006541691546,-8.420871973408042,-1.463009565865308
-12.779983216289986,-8.394451390458382,-1.4689455035395766
-12.771175217862584,-8.34528483911538,-1.4773303364108683
-12.759208238163032,-8.316729401285047,-1.4822562183220251
-12.745043497060891,-8.285468945291091,-1.4883434338729462
-12.736643014054902,-8.258977557958495,-1.4947505287041771
-12.730559489699463,-8.235423561701621,-1.50256989501347
-12.73456798213245,-8.23358893009356,-1.509391966315428
-12.73953410567707,-8.193714248132325,-1.5251683794892654
-12.750250215947721,-8.188593654988937,-1.529038327175105
-12.783737504378557,-8.24373401941963,-1.5114890629371645
-12.783737504378557,-8.24373401941963,-1.5114890629371645
-12.806667959785827,-8.278205608723736,-1.4974013416253746
-12.825652011371117,-8.26831210174247,-1.49995192151724
-12.8722397929255,-8.351616679630764,-1.4667383756705674
-12.89407401322855,-8.367354741552974,-1.4621132161840773
-12.914120093648854,-8.385642930125387,-1.4580069785445309
-12.908313750583737,-8.363852909634826,-1.4810983725444766
-12.922233707979677,-8.389905305149789,-1.4759427483456573
-12.932952077940616,-8.414959659016047,-1.4729893047626552
-12.952611035404614,-8.451702226844255,-1.4605890240289623
-12.954644873201595,-8.46583762074818,-1.4603160321731816
-12.940896658332827,-8.483475387723745,-1.4671897853293967
-12.94887241692978,-8.483027224708138,-1.4615964416400027
-12.943966493028562,-8.503587885182887,-1.4603100507113136
-12.948309547807225,-8.48710615791117,-1.4625018274458308
-12.949350517107082,-8.457842620808906,-1.4713452165317917
-12.945986593808987,-8.453687377531619,-1.4759479161852525
-12.946894340944512,-8.42862942320744,-1.4851222241217634
-12.946894340944512,-8.42862942320744,-1.4851222241217634
-12.948803566509772,-8.37908780189561,-1.5108807307838883
-12.949360593950237,-8.358325673653525,-1.5255409779405975
-12.949917179128647,-8.341380896245147,-1.537093806529445
-12.95019140219722,-8.333825532115629,-1.534140954975146
-12.95019140219722,-8.333825532115629,-1.534140954975146
-12.954805506799557,-8.318564520676508,-1.5322785583443452
-12.961511679306867,-8.294999920522613,-1.5203346404722704
-12.963078862658657,-8.292474524616368,-1.5046516519689042
-12.963859294126323,-8.29268038902543,-1.4874563140906147
-12.958426807244567,-8.282645977806622,-1.4748334635946847
-12.96211395165045,-8.31516904310308,-1.4566377177269676
-12.9581292060795,-8.295142923801796,-1.4486870214156267
-12.951573295313251,-8.33866823948759,-1.4351005007000683
-12.9464908242068,-8.363381376168856,-1.4299472238626356
-12.943995886375456,-8.351116927874642,-1.4293290046714011
-12.936525000025377,-8.427509326964133,-1.42489547750701
-12.935192214806246,-8.400956546135436,-1.4240251145657679
-12.931483938230421,-8.442446876076726,-1.4210206878105227
-12.927854077196283,-8.485147343812647,-1.416179713909384
-12.924404889759352,-8.525123529100139,-1.4101243687490015
-12.921201648309305,-8.540799830272103,-1.4039732471223807
-12.91859193499014,-8.57092855943614,-1.3987235876037913
-12.915951322202002,-8.60028539468262,-1.3930252852819305
-12.912720829354827,-8.624338271266152,-1.3888792412659472
-12.911095205709744,-8.647855728929587,-1.3851636509819871
-12.913264422304781,-8.637161655664622,-1.383835377305578
-12.909409580053497,-8.680200956509884,-1.377195368499873
-12.910085309494093,-8.68559044901744,-1.3699280974950048
-12.908369608072057,-8.694227373301642,-1.3676434637976278
-12.907455560357809,-8.697574891925232,-1.3655142978883479
-12.90638469879299,-8.70450267128269,-1.3658727178375831
-12.908874330326926,-8.69496072228757,-1.3614843195990114
-12.9131716370303,-8.696647871464137,-1.359209863754348
-12.913811130874599,-8.689805056596455,-1.3584884086215774
-12.913080142462363,-8.685718346935015,-1.3618897174283107
-12.911640164573841,-8.682771020156991,-1.3605466004676436
-12.90905429766418,-8.67380768418704,-1.3632052007374194
-12.909672129170556,-8.664994368859025,-1.368119055758593
-12.903272570633108,-8.651776712120718,-1.374872392965336
-12.901164298824266,-8.643211348232898,-1.3815020906492952
-12.911866165202193,-8.619867028098808,-1.3904426762774817
-12.93453823639039,-8.599214553247508,-1.3940553573375254
-12.944409954951784,-8.595869318096154,-1.3930103200792767
-12.96124038478829,-8.593346613607824,-1.3887828878594555
-12.945321390816922,-8.603404613260711,-1.394357454000509
-12.981617485043712,-8.59692855820039,-1.3804111170480124
-12.992247226748294,-8.599720528551687,-1.3761069538681832
-13.008540696908188,-8.601433244996363,-1.367694010721327
-13.006224763736581,-8.603793459434671,-1.3684482597403664
-13.021149973864615,-8.60502114201938,-1.36069883454394
-13.036838055117022,-8.603975040444993,-1.3530570087061387
-13.063704759614716,-8.59620084767656,-1.3405345237893858
-13.063704759614716,-8.59620084767656,-1.3405345237893858
-13.07289553512349,-8.592087608515154,-1.338793036706811
-13.07142759173563,-8.593457562938669,-1.3404048285483745
-13.08102932406188,-8.588062198323204,-1.3412303633839666
-13.087104848652316,-8.584178824986173,-1.3436816060467494
-13.090166093830888,-8.576979006173115,-1.349006566877824
-13.092650087023049,-8.571974820628624,-1.3553440123010152
-13.096330819804423,-8.567163621744477,-1.367436576344121
-13.088582998268857,-8.565097575714267,-1.3795843144409836
-13.083727439770593,-8.563665316961677,-1.3821371495355521
-13.08065190147767,-8.56145114064964,-1.4001863169741682
-13.073041873780953,-8.558677223799233,-1.4057432717999496
-13.06994797641484,-8.55665844524195,-1.4155127292949319
-13.070694589327493,-8.552483363623375,-1.427812779553278
-13.077556453994315,-8.55785819630351,-1.443783314919272
-13.083676211992348,-8.562584050975554,-1.44684904367555
-13.083676211992348,-8.562584050975554,-1.44684904367555
-13.089466848591812,-8.566278346259345,-1.4538949023661754
-13.097347799952878,-8.570001023722135,-1.455724246405305
-13.117365893409604,-8.575502396049185,-1.455649749154371
-13.124300166160653,-8.575813313085925,-1.4620065263704047
-13.136607285609678,-8.578605687392425,-1.460600187078971
-13.136216760357977,-8.579013032985193,-1.4638853772722604
-13.164952893412678,-8.573908195880321,-1.466032515295424
-13.179618848633243,-8.56520565167031,-1.4679374498981317
-13.196569995665023,-8.553780618456353,-1.4702230149898794
-13.215625624452647,-8.535654603148272,-1.4666170023496843
-13.217438917628638,-8.535234244043567,-1.4685064126920901
-13.230840626260687,-8.52725076661222,-1.469577655246519
-13.242524558434027,-8.521974962405286,-1.467888988517927
-13.259702551701414,-8.509336164103544,-1.4663491868173102
-13.264277159485054,-8.512977194256724,-1.4689740166494651
-13.277452684180023,-8.50137375163567,-1.4673091362303128
-13.280285047142813,-8.504293785346464,-1.467843118443811
-13.286871624861396,-8.510950732511917,-1.4680974275268446
-13.296977212166246,-8.510310867098374,-1.4666857963054318
-13.305033037553816,-8.510203830605462,-1.4656414338497197
-13.307858183163198,-8.513537115081752,-1.463375852151688
-13.32765107926218,-8.51792799513406,-1.4627030871669806
-13.334845078516734,-8.522330927325125,-1.4628845804454942
-13.341247330850234,-8.526043359666925,-1.4590380321679504
-13.352351263542,-8.536175891254185,-1.4530653466597168
-13.363746236595928,-8.550104165448415,-1.4510672878334372
-13.363748395107018,-8.551403176524808,-1.4469715963356258
-13.36876705485128,-8.557343456123784,-1.4451300084158412
-13.374842898116627,-8.563891137466161,-1.4474007808225464
-13.377395440621184,-8.572685377517217,-1.4529038322532901
-13.376570437800202,-8.582500677272773,-1.461117352606979
-13.376560788014551,-8.590094629854724,-1.4728384528575895
-13.377510415472711,-8.598259623956165,-1.4839999183068162
-13.381161119391654,-8.601010687398677,-1.49507762585821
-13.388906385743965,-8.600657013839333,-1.5003613540458727
-13.391562991554588,-8.603270593925156,-1.5113127999498113
-13.406196838729828,-8.605486060509454,-1.5262086906177301
-13.422281031403285,-8.602130873755467,-1.5228017190831236
-13.434831564138392,-8.60740154665056,-1.5184036477692242
-13.453095478340439,-8.626910164334342,-1.5110275333579497
-13.462807301692006,-8.636180150423984,-1.5029175004852562
-13.462807301692006,-8.636180150423984,-1.5029175004852562
-13.476963204365857,-8.64044623531441,-1.4939792587459522
-13.484449246900464,-8.650154323660008,-1.4901813237209645
-13.493339867567252,-8.658656099277426,-1.4865157409462881
-13.491744508863484,-8.683582047442895,-1.4921093850699867
-13.496097794898539,-8.679899148896983,-1.4898280298702844
-13.498253010554976,-8.684920865189351,-1.4931027151665084
-13.499191211862735,-8.690214542904222,-1.4965747085535381
-13.489031364538318,-8.70927088690885,-1.5062578071014148
-13.488617247438608,-8.712930000997677,-1.5068963615453794
-13.483282533002418,-8.719798179646514,-1.5090245705844527
-13.485885717836322,-8.718468035014869,-1.5089653994441443
-13.480728703624983,-8.723942596486905,-1.5083195387034998
-13.474880989436807,-8.726667799774233,-1.508469520528546
-13.468478820955044,-8.729612041445003,-1.5068224410661546
-13.459116443783907,-8.733874908567445,-1.505259897854342
-13.458503215727571,-8.73537345546028,-1.504707426327549
-13.459765135651615,-8.735055121872957,-1.5046173476042666
-13.459765135651615,-8.735055121872957,-1.5046173476042666
-13.463488646042157,-8.731553940691182,-1.5056512685435313
-13.464236841475826,-8.727130838900905,-1.5081013296249828
-13.473325559175375,-8.729025497116782,-1.5076244896239535
-13.471819508393008,-8.71773603641689,-1.516156584686098
-13.478338941164317,-8.71127474668192,-1.5202952139415404
-13.478338941164317,-8.71127474668192,-1.5202952139415404
-13.477508420267727,-8.706799526776908,-1.5240560520047808
-13.463460106377285,-8.690886530583349,-1.534265383502964
-13.46421638489399,-8.691246114269248,-1.5347681612150448
-13.452787906535288,-8.681420683194148,-1.5418639841923862
-13.434960100727121,-8.67266997070001,-1.548883686003296
-13.421028003030354,-8.662996331839011,-1.5533653921466708
-13.41858597952014,-8.668048898148808,-1.5542104209944623
-13.403680550410487,-8.663537345636461,-1.5567829859767124
-13.373304730547934,-8.65530177149663,-1.5603429631462638
-13.375517698789839,-8.657246093995896,-1.5595709659730144
-13.376947137318766,-8.659764573901402,-1.5591618603647683
-13.347843353294262,-8.65424421795818,-1.558840640156778
-13.334756212039018,-8.653527846754542,-1.5541182162962708
-13.324859903343649,-8.647821231493117,-1.550088823481659
-13.315205845317958,-8.643324069102523,-1.545410262279046
-13.305859816434467,-8.639442651626526,-1.5429607506141672
-13.301472661225901,-8.63623457702645,-1.540967596233409
-13.305098122664216,-8.636390790078405,-1.5397522560314127
-13.30419872993961,-8.636440601299427,-1.5391310815452286
-13.306472227607571,-8.634170774568826,-1.5439895130508767
-13.309220851775194,-8.629560202611676,-1.5553395505121308
-13.312805816652485,-8.620837732422382,-1.5693902848283245
-13.318742297321533,-8.616843006073138,-1.5751296630077471
-13.326146254877301,-8.616906595741966,-1.574846859339419
-13.33024800242549,-8.613789275055126,-1.5800552827265966
-13.334197653146028,-8.607967242243895,-1.5858168807138078
-13.338752372233023,-8.601603986147317,-1.599029367500885
-13.344219304247561,-8.599244106827467,-1.6036281188659254
-13.351478448715275,-8.599146592587443,-1.607457281956297
-13.353635605579143,-8.595292796724632,-1.6088769950818078
-13.345857539025715,-8.59094798809855,-1.610668907216656
-13.345937620193455,-8.595546651208261,-1.6142687105979316
-13.343429021479157,-8.594507255496715,-1.6134433504614043
-13.353792401718348,-8.602586655593457,-1.6170241690510505
-13.35974316711307,-8.607457963626462,-1.6139912662221532
-13.366579973006832,-8.612463201402765,-1.6103383442089552
-13.374782193226672,-8.613088020351704,-1.6043973518178034
-13.383047150092763,-8.615510728271788,-1.599131151949907
-13.389764125073878,-8.613550688828951,-1.5940186531417762
-13.401626062927653,-8.610632816350964,-1.590795918508052
-13.401626062927653,-8.610632816350964,-1.590795918508052
-13.409029504737166,-8.59429390533792,-1.597416262578644
-13.405371774744669,-8.59164781197449,-1.596545112122216
-13.405054614956498,-8.582594609223701,-1.6017116885369853
-13.40525399583115,-8.577607958975737,-1.6085276102540995
-13.40340448360487,-8.564985430799915,-1.6205782967675795
-13.40652561049997,-8.56209873681025,-1.6274027199012064
-13.406418564530584,-8.558726033440355,-1.628245693191417
-13.402727508831118,-8.557841094395314,-1.6281294894877285
-13.40204940948727,-8.55710727222664,-1.6287108180889818
-13.40615718394041,-8.556609355741584,-1.6297016944184055
-13.39773039830413,-8.556476280303643,-1.630124596423626
-13.403387015493387,-8.556061282682178,-1.632426329790672
-13.404003941369641,-8.554275420992987,-1.6329836428848705
-13.404899512486631,-8.546221991648041,-1.6335362341529065
-13.39854831694402,-8.546613911693399,-1.6328101414674256
-13.395118087465955,-8.543347629602788,-1.6359206698948636
-13.397880861926318,-8.540635270696496,-1.642453255764462
-13.398325205618406,-8.543939925784667,-1.657467467016424
-13.387709396969948,-8.54456276571017,-1.6615952635939093
-13.38554028420796,-8.543588266710113,-1.6638995712005438
-13.378659181460515,-8.542815820195349,-1.6649382612075898
-13.369022041458107,-8.537824232378245,-1.666690097827235
-13.380874083678185,-8.52921985647416,-1.6665441799691643
-13.376493155244587,-8.525792518330473,-1.6665738950981193
-13.377911936100311,-8.518357585612554,-1.6656005900876782
-13.390589012365533,-8.507394527230327,-1.6602095828587164
-13.396067885953533,-8.501973995696963,-1.6570787928570898
-13.40305950789582,-8.499606590473487,-1.655693750927272
-13.406646777612847,-8.495863125633623,-1.6533255181012043
-13.409047105680676,-8.488961966612418,-1.652258694607745
-13.404675910307922,-8.484931786355519,-1.6535856385321543
-13.408474647936469,-8.482876608407496,-1.6556261669002235
-13.405410758232328,-8.480419549246944,-1.6577421516699167
-13.411473790381251,-8.47568703328677,-1.6616255433848532
-13.414279392896646,-8.469812093408414,-1.6673372530522355
-13.413626034078845,-8.455317225243844,-1.6862027107196418
-13.41090258860753,-8.443900322613926,-1.7009490413652335
-13.406784095839003,-8.428994886895282,-1.7206238899860324
-13.401154229104579,-8.415000483514294,-1.7403632546812662
-13.393020170275438,-8.412000848499403,-1.7434752339432762
-13.384921123646532,-8.379291574648304,-1.783470322009658
-13.373212239200114,-8.376552940417929,-1.7841508376141015
-13.358022642982943,-8.339765515466292,-1.81988522790363
-13.358022642982943,-8.339765515466292,-1.81988522790363
-13.343818619055954,-8.314618046616635,-1.8358970182437102
-13.33818301069412,-8.313965897174628,-1.834819210402455
-13.332332847497643,-8.313262514828235,-1.8317345582612115
-13.314661699999675,-8.325223738090392,-1.806549040126318
-13.295425275840337,-8.3275235758485,-1.7923218765120754
-13.278333291451005,-8.324627412243897,-1.7824668578030491
-13.257813660263782,-8.311940894405948,-1.7663649761553766
-13.243923692567645,-8.306925115318894,-1.7634736410652836
-13.232834274524006,-8.301278362035015,-1.766291773221832
-13.225819224175618,-8.305475065795308,-1.7671788815684664
-13.216934600135536,-8.282769102495488,-1.7837533410919422
-13.21269197486629,-8.285644529307243,-1.7837456680605905
-13.209647193149383,-8.253832167900878,-1.8072161471906751
-13.209658579992428,-8.255376422982534,-1.8073387730160018
-13.208975726139142,-8.255693441410877,-1.8061760246045506
-13.206981682117114,-8.254989980119607,-1.8046432163651227
-13.206018584463179,-8.24180328577378,-1.813167989191327
-13.200170912676684,-8.225374485238222,-1.8167596643593484
-13.200424995462361,-8.20511393768626,-1.8188906393705992
-13.190447257589211,-8.194440749100954,-1.8087405276477566
-13.184237510830242,-8.191452997426772,-1.806847398486139
-13.178005410790464,-8.190290832426756,-1.7946516092415181
-13.16905066742546,-8.192573458996096,-1.7653348718872763
-13.16353284080522,-8.191069496766488,-1.7502378799200589
-13.16353284080522,-8.191069496766488,-1.7502378799200589
-13.157799395317472,-8.190833386279879,-1.7367918788235188
-13.148183179505482,-8.18455518352566,-1.7272566350846694
-13.146855249894939,-8.182351114485575,-1.7194912351040246
-13.147960232499358,-8.180134654044299,-1.7145458527552353
-13.15413307100049,-8.180857260878133,-1.7157365284384527
-13.157478716077764,-8.179819703764716,-1.7190674675484288
-13.157478716077764,-8.179819703764716,-1.7190674675484288
-13.161486386116557,-8.17572488184353,-1.7245947001843984
-13.169794679589291,-8.167806674054575,-1.7386832190489505
-13.168882930906424,-8.162002658159283,-1.745974825842119
-13.163135740124769,-8.155220577739927,-1.7548656732246184
-13.147269008421306,-8.146110371038231,-1.7602154163984507
-13.13506425866685,-8.14197925423007,-1.7661450884797645
-13.12474295249694,-8.138928487416456,-1.767326641815761
-13.1098343925018,-8.13635520415598,-1.772899716273819
-13.1098343925018,-8.13635520415598,-1.772899716273819
-13.113381213091472,-8.148234403023265,-1.7790453798786892
-13.10458237002932,-8.153408619580185,-1.7810155976040722
-13.102395477364876,-8.159507760287283,-1.7807390322608365
-13.110484215364165,-8.169900440680316,-1.7764923658382774
-13.102522760977909,-8.167667684613797,-1.7755154545094491
-13.11201777044432,-8.171024433995239,-1.7701461585139437
-13.107804564528424,-8.169363316330795,-1.769492313982672
-13.102179076841402,-8.166691894225082,-1.7666299084517534
-13.106397592904399,-8.166287086606786,-1.766130002514732
-13.10756833429739,-8.156639241878658,-1.7670426223851892
-13.104932444124191,-8.153339799796248,-1.7692966157064383
-13.098667293731625,-8.146265721087996,-1.7724103783468306
-13.100607873003721,-8.13328519078742,-1.7802046138100662
-13.102471926864673,-8.127675305821194,-1.783748358518385
-13.108270135860629,-8.122233328417872,-1.7864606530020612
-13.12541150199259,-8.114431387853804,-1.790955232656914
-13.134128306678507,-8.110275002073058,-1.7918807527646943
-13.12694397432786,-8.112475041870319,-1.7931487853253059
-13.145570793275386,-8.109084395024327,-1.7961673708990091
-13.155291305365667,-8.10630502985233,-1.7954216092505677
-13.15636207836323,-8.104400281719666,-1.7922785930363947
-13.157544617730947,-8.104723443066055,-1.787201041953925
-13.153627292889785,-8.106403395835098,-1.7860953242333724
-13.150404029857105,-8.103863660118437,-1.783965226235521
-13.147721342945871,-8.105365498418692,-1.7847034653758218
-13.153215903636003,-8.105517105001065,-1.7883372577195875
-13.154809342477018,-8.10739126064454,-1.7919181825784356
-13.156561347428614,-8.109567544680825,-1.7953341687222306
-13.150266095179605,-8.107903261871538,-1.7985240856571016
-13.152022171875268,-8.102546820566157,-1.798660434603596
-13.141964692924805,-8.092525574453838,-1.7997844827650733
-13.141964692924805,-8.092525574453838,-1.7997844827650733
-13.135133037685337,-8.085505948018817,-1.7980161676156463
-13.128337745049883,-8.08022362938714,-1.7954333523841592
-13.120863863286152,-8.073473860615579,-1.7920468293408431
-13.122025511608063,-8.071116393317308,-1.7922405597294757
-13.104982562224288,-8.07779754454714,-1.7898588046037862
-13.085334059939052,-8.086360749623879,-1.7904457530774829
-13.077709667847909,-8.089700155827067,-1.791868101674265
-13.071049075299126,-8.093249639421336,-1.7938670308563052
-13.06717668171801,-8.097371600356556,-1.797385132808265
-13.067531082554257,-8.100821811834312,-1.8001037320450812
-13.066701111649667,-8.11720873159173,-1.8052492763919137
-13.066705877985047,-8.113887505976766,-1.8058346260921685
-13.077023985917231,-8.128604352541261,-1.8084574241757385
-13.075989941887471,-8.127127697631964,-1.8097193834866
-13.083662863729039,-8.135739021221525,-1.8109404515218896
-13.081424107701476,-8.13381477641759,-1.8138418315840474
-13.092483945171333,-8.1441659355219,-1.8117317619605633
-13.103291094503627,-8.149458426210659,-1.8142228331398529
-13.115822306835556,-8.151184323901862,-1.814310548837593
-13.115822306835556,-8.151184323901862,-1.814310548837593
-13.142450012108414,-8.152602334622275,-1.8153789799869693
-13.153851256437699,-8.149346945508718,-1.8159145590369516
-13.153851256437699,-8.149346945508718,-1.8159145590369516
-13.160479746644302,-8.144854286676736,-1.816819603774955
-13.173070783836273,-8.139186467034854,-1.8173247330572888
-13.1684090724373,-8.1407816720402,-1.8182770821683274
-13.176680757806919,-8.133131664189118,-1.81891601892013
-13.182350227086362,-8.124555980283668,-1.8216283940889315
-13.18995298485304,-8.114145096265627,-1.8214659012584677
-13.200274310546645,-8.101430528884475,-1.8208809189764752
-13.210242238546215,-8.092635316343356,-1.819855291052941
-13.221149633896387,-8.079971092746748,-1.820091269929139
-13.240084836515617,-8.058466470721074,-1.821705004945928
-13.247570960884193,-8.049878446746522,-1.8223218383197695
-13.254234958401925,-8.03202628300113,-1.8278218288718857
-13.254094343785669,-8.028180465331525,-1.8306603525316654
-13.251655436530056,-8.024738602811132,-1.8339280443422228
-13.249412759856705,-8.021321078818412,-1.835351789197294
-13.24519096255633,-8.019313379430928,-1.83587848378407
-13.238791098447626,-8.020486746091564,-1.8361394107634086
-13.239053669850756,-8.02047735371133,-1.8375644864083585
-13.240468284764663,-8.017505906459272,-1.837482560009988
-13.224462272603256,-8.020092615836445,-1.83248580682514
-13.226150463013811,-8.018491886210823,-1.8323395790104127
-13.220260008084896,-8.016123767037882,-1.8272298797506084
-13.204715598105484,-8.023034499275559,-1.8175274824397463
-13.199176167515864,-8.020223993559025,-1.8128183192710376
-13.19526051051834,-8.016949160012746,-1.8100298291214743
-13.180976627953054,-8.013026178023727,-1.8110968386582227
-13.175119771082235,-8.008570067239297,-1.8152911461951573
-13.169496957852859,-8.003740040907726,-1.821211070046214
-13.163125501450436,-7.998523212168287,-1.827327500461326
-13.158587730625552,-7.996464399792973,-1.8325572998927675
-13.150213621306369,-7.995255059285796,-1.844872319251321
-13.14376833371027,-7.996869932362631,-1.8535626502178923
-13.142351854576246,-7.994601592147719,-1.8690088048173088
-13.147091823450666,-7.9905589962758325,-1.868789074097694
-13.147110394296462,-7.992570520449476,-1.8762546998683935
-13.157098570452986,-7.996827611635509,-1.8878740003897072
-13.174907009783217,-7.997346256026815,-1.8872718747715231
-13.186486161375102,-8.001336401644085,-1.8895855937666823
-13.194494309284849,-8.007202995002325,-1.8956619804607902
-13.200893042364644,-8.01042971302932,-1.8960256801237994
-13.19814703001158,-8.009743499041255,-1.8936658879018864
-13.206970742001063,-8.01721169726262,-1.8964162902072543
-13.22660906415496,-8.032966731357336,-1.8966745862872292
-13.237018567264375,-8.037348793248078,-1.8938325346827896
-13.25077033005558,-8.042275595672242,-1.8878143169513242
-13.265142125404708,-8.046457965295769,-1.8808669075374875
-13.267574647367088,-8.046992317506604,-1.879125817883922
-13.270347389347842,-8.048165301024747,-1.876083875520109
-13.282971872742225,-8.048795660275978,-1.8662666197031716
-13.294917985675793,-8.050477465866619,-1.8553146454301463
-13.310977913097945,-8.044293100608131,-1.84171020457827
-13.310977913097945,-8.044293100608131,-1.84171020457827
-13.313752120791959,-8.044764348877985,-1.839278014360721
-13.321156702732312,-8.04207209656549,-1.834465901127357
-13.332269445674333,-8.030121653378044,-1.8340127340810783
-13.337790500873165,-8.025538657750692,-1.8374331004813964
-13.347289024033673,-8.014972696904696,-1.8484047783248452
-13.361979872110634,-8.005831178346336,-1.8545978032326946
-13.364330258467653,-8.00699095646525,-1.8561357358151893
-13.373401974544265,-8.005557018839188,-1.857717928953605
-13.397270964508092,-8.009231118556064,-1.8573255328823641
-13.399058092195268,-8.009663741518718,-1.8579464120445044
-13.41509232436972,-8.010977752105084,-1.8480275519825393
-13.421011123902815,-8.013449956471884,-1.8426666449388531
-13.42413709248875,-8.015693799335478,-1.8437524552137987
-13.427725127495885,-8.018018389197286,-1.8407431831831553
-13.432386234936175,-8.023126338120804,-1.8451566210452526
-13.433980936094482,-8.026572824760313,-1.8535977717810697
-13.433353206581714,-8.026509347506918,-1.8555913161295101
-13.433771608266404,-8.026686850902964,-1.8619193974412138
-13.448089474409121,-8.02761960667219,-1.8727831948485631
-13.457987802292253,-8.024173853804786,-1.8794739194953436
-13.467715829226126,-8.019173136570673,-1.8851424882045449
-13.47687712423831,-8.010273084231237,-1.8872169435707238
-13.488962199327162,-8.000354067315511,-1.8863441730547243
-13.498124441639291,-7.999699088347786,-1.8762364839396508
-13.509580058619624,-7.9916203089413775,-1.870063045691167
-13.509580058619624,-7.9916203089413775,-1.870063045691167
-13.510851035469525,-7.988839179253747,-1.8628996441332355
-13.526064434846564,-7.980462608659728,-1.859226273041184
-13.526064434846564,-7.980462608659728,-1.859226273041184
-13.531080549467507,-7.979213295364276,-1.860487210730758
-13.530506178859651,-7.984058709708134,-1.8611019575897383
-13.526969864945126,-7.991089469982823,-1.8603845365827578
-13.53192719234436,-7.991088172406815,-1.8622964405675402
-13.53036541234781,-8.001548509530737,-1.8602636695972237
-13.533110878420635,-8.001698089933399,-1.8607695814059289
-13.541338568573558,-8.013517015682831,-1.8608109019049377
-13.547983671794837,-8.0087927053356,-1.8633898261096167
-13.558205661132053,-8.00165157862671,-1.8680324181733654
-13.563631236553249,-8.004720202881805,-1.870447412579108
-13.563631236553249,-8.004720202881805,-1.870447412579108
-13.586866663796362,-7.9720472601430785,-1.8822393705252656
-13.596134282906293,-7.975270073895188,-1.8802881056856378
-13.60779307700794,-7.950840289122728,-1.8892398573013425
-13.60779307700794,-7.950840289122728,-1.8892398573013425
-13.645610480686654,-7.883027974814085,-1.9058302765030561
-13.664701792502044,-7.8234961074898015,-1.9126982264743118
-13.664701792502044,-7.8234961074898015,-1.9126982264743118
-13.673959943067231,-7.811791153882467,-1.909112788272981
-13.679887801880124,-7.781919760955066,-1.9038989593068956
-13.680229837554654,-7.79097840885468,-1.9038684380389275
-13.684362353636624,-7.776943187308206,-1.9001900325708616
-13.688368009825037,-7.773166727731878,-1.8963908022701195
-13.693786535919772,-7.775371963884008,-1.8921607518848833
-13.698723405713976,-7.774839287055797,-1.8865317011326772
-13.704104014385274,-7.777219466918705,-1.8746610858472352
-13.706286108963827,-7.7814627820622695,-1.875742384300461
-13.711179859407368,-7.784892331102388,-1.871218209102303
-13.713378006941355,-7.787199904879147,-1.869177234218096
-13.712863067073226,-7.786413022144434,-1.867195028350206
-13.714070223308575,-7.787724928288375,-1.8745413391245842
-13.709420265114051,-7.7875637136446985,-1.879169660082275
-13.712505684942775,-7.789161024530208,-1.8812572726193804
-13.716562159898576,-7.790271481247085,-1.8829267692912972
-13.725135862312046,-7.790690693636005,-1.88646693967995
-13.711561375796888,-7.7836451847616885,-1.8978085041154673
-13.720555972883629,-7.782285414525713,-1.898468949242735
-13.721385451189967,-7.773370232143894,-1.9034436962297654
-13.70734858839227,-7.737138522061369,-1.9012775197015865
-13.7038534337795,-7.693315467196648,-1.8863202604498346
-13.704159837105168,-7.6318213483272075,-1.8584582504761828
-13.703581107372548,-7.509041832548548,-1.7881214673953505
-13.706688431172832,-7.449317126454189,-1.7538808961848078
-13.711510818146731,-7.441368890019487,-1.748056411388225
-13.712908394828698,-7.352804117503551,-1.7139987825754819
-13.71349974161877,-7.316651382847329,-1.7030459817474883
-13.711949633093669,-7.28356816385932,-1.696281339318492
-13.712554021858283,-7.25053448727078,-1.6877200599361168
-13.706352170924601,-7.225647696387559,-1.6863450589234368
-13.689931060856017,-7.179095018306377,-1.6862345617666827
-13.680452333484945,-7.162761361164745,-1.6881180379172602
-13.681860674574672,-7.163105752139582,-1.6905536073298375
-13.673046313344276,-7.155657418804514,-1.697147284745099
-13.66122170745389,-7.1547336791950364,-1.704087508243986
-13.646183036061192,-7.161922741033623,-1.713496258226896
-13.62854880658765,-7.174831864978389,-1.7249305700489304
-13.611048781407062,-7.189363099409521,-1.7393041259799285
-13.592614577803658,-7.203347641648346,-1.755472176995783
-13.588289123650574,-7.205065331094814,-1.7594885873146153
-13.563120090954188,-7.216089974507136,-1.7788379712095193
-13.549502648712892,-7.221534761478269,-1.7921051977753564
-13.53881312893438,-7.228193939740873,-1.8009284682709235
-13.53291346255256,-7.23151353828935,-1.806145623165583
-13.527557537878698,-7.233776577203682,-1.806207493513239
-13.525970589208688,-7.230405947425188,-1.7987660815155768
-13.524704307875833,-7.227538572427192,-1.794579720677412
-13.51825729666591,-7.223277253857769,-1.7881821007590337
-13.509399607607124,-7.195754324049735,-1.7825994793051256
-13.50695236843335,-7.192803851503697,-1.7791457800286639
-13.50327695831146,-7.176933394123976,-1.7800509481805857
-13.498365094221588,-7.173632636168285,-1.7756963320061905
-13.498154951262434,-7.158417736740875,-1.7826925096045514
-13.492318669220415,-7.13953875589553,-1.7908340945557082
-13.488427730121964,-7.123322352977903,-1.8029566870652023
-13.485844842541816,-7.122134054282303,-1.8029761634209214
-13.483889611181656,-7.091676100449045,-1.8311353234555385
-13.480343001210604,-7.06948231291814,-1.8582608545401615
-13.472300708571872,-7.058604016053043,-1.8696596750924364
-13.469436553085952,-7.051630848032314,-1.8782034288420286
-13.464139594743706,-7.053033432411602,-1.8797510901010102
-13.463855029269045,-7.048265869338522,-1.8875124743879175
-13.47124718953121,-7.044458161719947,-1.898896185573427
-13.476193851230791,-7.044123579459265,-1.9043071436013481
-13.480437358656442,-7.042230060285769,-1.9091884933826073
-13.483294236334904,-7.039800783855354,-1.913077786147789
-13.478763443982325,-7.04173745571152,-1.9135253303791024
-13.48068142381209,-7.043448196250187,-1.9162695992578624
-13.470185274495858,-7.04655755526843,-1.9219182982279248
-13.476834468198236,-7.042075947890795,-1.927498056232677
-13.476736414189613,-7.043260373876477,-1.9368935549666009
-13.480010669792236,-7.045646909632001,-1.9537241859270573
-13.476492703635332,-7.042414830749532,-1.962247627994603
-13.476962646044036,-7.0347137997184195,-1.9673508191613587
-13.479517765098892,-7.016867335783905,-1.978038835739501
-13.48135140013388,-7.0047763241543235,-1.9834775094221528
-13.484463286098162,-6.990342114874308,-1.9883681822528703
-13.488756467025492,-6.976852736232297,-1.9921794542376532
-13.493141505200327,-6.965539187683559,-1.994063366681099
-13.496608426997096,-6.958296357152555,-1.9949479957207301
-13.498572836847881,-6.9540562053613755,-1.9939578883148275
-13.498774280141769,-6.9494586534769125,-1.991215410463735
-13.492660766708644,-6.943776566263966,-1.993566673780848
-13.4868188343349,-6.937699862071115,-1.9961939698972373
-13.482884478738393,-6.934884654802064,-1.997699446072808
-13.472879178487778,-6.931047701175868,-2.0128359400575055
-13.469848854636885,-6.927869672428391,-2.0146855970514888
-13.468028525406071,-6.928278870056292,-2.025040374030031
-13.462175637890446,-6.919146794357967,-2.0516766908904547
-13.460544141301424,-6.911161220398764,-2.0645981112966023
-13.459998750780283,-6.90520528000008,-2.0726068512551024
-13.457964106706482,-6.897655727299467,-2.081060203543328
-13.459076083473722,-6.8919999090839195,-2.083147058276488
-13.456494353382787,-6.889857368256375,-2.084038835962703
-13.456286969068778,-6.886953291953614,-2.080632129757576
-13.460414296233846,-6.886269871825898,-2.070505549875499
-13.46705010782166,-6.884813105899574,-2.065083326666396
-13.465363330694014,-6.886105258148827,-2.0664513521608217
-13.482536659386291,-6.88174506635035,-2.057778930154684
-13.480416109092635,-6.8836337629357,-2.058697856003991
-13.487236394121728,-6.8806682252608775,-2.0577132253809385
-13.492070709620036,-6.8775509662057575,-2.0555827654402896
-13.498037561047733,-6.871683106116045,-2.053027856044292
-13.502497885856918,-6.870751113030245,-2.0508006811662236
-13.512858904957323,-6.867651663100237,-2.04966784829689
-13.501681760741308,-6.874063438544564,-2.0478555966462997
-13.493979966700497,-6.876026636919424,-2.0480046706490582
-13.493571117088429,-6.87336604459062,-2.0497289480624294
-13.493571117088429,-6.87336604459062,-2.0497289480624294
-13.494967913105034,-6.868426920280257,-2.0560752255483488
-13.486423286680445,-6.8707698032090025,-2.0576305249022737
-13.50135953538074,-6.863940223597842,-2.0715582615129424
-13.49783031925761,-6.864605321816382,-2.072293800349749
-13.4950038298709,-6.864088221027623,-2.073218852295121
-13.506320573737819,-6.864430763861952,-2.081849258175884
-13.521475167584576,-6.864543135354717,-2.087774045566636
-13.524638034099763,-6.865559256226505,-2.0887296319915425
-13.518621073538258,-6.864007633496365,-2.0871190579275236
-13.52380155144858,-6.863479876332935,-2.0873711114427773
-13.517309672060689,-6.8612167538973905,-2.0858036252455685
-13.51643834547359,-6.8575246231418925,-2.0843008383129984
-13.507995074322448,-6.849248960748331,-2.0833909756244036
-13.507811392884221,-6.849522520919185,-2.081143680111583
-13.508890066165982,-6.853144135271378,-2.08154404263953
-13.507290458985638,-6.85321893163544,-2.082143180177581
-13.504017001551938,-6.850038730068012,-2.0823958060389933
-13.510948606919074,-6.8597861493845205,-2.085471614106233
-13.524742260405699,-6.873798990487332,-2.089071129048348
-13.525570021522622,-6.873838882812584,-2.092257190512417
-13.523379294084238,-6.870769964576022,-2.0915453424444954
-13.522628447348739,-6.866209106747738,-2.0909260131579237
-13.537931606266097,-6.871448763215245,-2.09602574890748
-13.537135131155026,-6.861925326788797,-2.096791291281742
-13.543421254655094,-6.860183674646503,-2.100811744136921
-13.538279552215167,-6.854491310870345,-2.1018154445647257
-13.547561099370219,-6.854317263837471,-2.1089312067525605
-13.553870031642278,-6.857856041212281,-2.1144285760470503
-13.565571969543052,-6.86296857396352,-2.1252752003350874
-13.562467726965751,-6.861481580881657,-2.12986266618739
-13.55020314283923,-6.860386761016922,-2.133254425500291
-13.547600518386927,-6.866663684914631,-2.136180654648943
-13.550890962994458,-6.875908382207188,-2.1386233419693155
-13.545122319217002,-6.880581776995526,-2.1390498423764464
-13.547640656314714,-6.888097424792299,-2.1379295263974467
-13.550403547048447,-6.9004818956813185,-2.1306798781605445
-13.549500675759786,-6.903574066313433,-2.1270792800738154
-13.548498238916766,-6.907430851564121,-2.122391091934426
-13.551588775687431,-6.912542539308773,-2.118573984616706
-13.553107744545274,-6.91320090014253,-2.1178553509730764
-13.546657359963485,-6.911627043456096,-2.114377605942561
-13.544740593501261,-6.910089349768471,-2.1109249395420213
-13.543964923729105,-6.905803625458034,-2.1122304730391237
-13.53972434056713,-6.898032202271786,-2.1128890598705015
-13.535575045316245,-6.894731119801657,-2.10780532696132
-13.537105846976928,-6.892033920129586,-2.1111456157290456
-13.539816519651373,-6.890422020168831,-2.1131787134804147
-13.54364531158946,-6.887903674595477,-2.118412912523352
-13.55152522282439,-6.8873200114873665,-2.1211231720246593
-13.560340751072866,-6.887856926949914,-2.1213707150807433
-13.57589785340285,-6.895453284694415,-2.1240780749935744
-13.582712916360174,-6.899924209481798,-2.123125227757191
-13.586313642739512,-6.903461048177438,-2.1181617656870912
-13.586313642739512,-6.903461048177438,-2.1181617656870912
-13.593844411651917,-6.907380147107014,-2.112356368021116
-13.59512159586953,-6.91248099461404,-2.1115773723389593
-13.59962267485681,-6.9164940353266315,-2.1171844241041486
-13.610340632242607,-6.930359719187352,-2.131743287489922
-13.60545501627453,-6.9300858623511,-2.130073228934192
-13.617838054874486,-6.941139386007612,-2.141068637940003
-13.611764422034895,-6.94000845712215,-2.1409196175824134
-13.631113126026213,-6.946994183086236,-2.143119352113419
-13.641143088615655,-6.950049086051093,-2.1403953405956813
-13.652942568495954,-6.952398690348189,-2.136465171929169
-13.652466037709212,-6.94916139642168,-2.135545807669228
-13.665535932449925,-6.951304072407557,-2.130903538229547
-13.67791788389085,-6.953272436642004,-2.127868798421244
-13.679623264522967,-6.947067543335714,-2.123602362202828
-13.696341153267747,-6.952120074895536,-2.127472466085606
-13.70132177842658,-6.943652990643538,-2.131206401947132
-13.703274243306359,-6.943185829209994,-2.139050691856471
-13.700622724468403,-6.936507557828662,-2.1477054120255694
-13.688935780118031,-6.932703799663711,-2.1658543408476136
-13.680361554580104,-6.932630621935478,-2.174644948733085
-13.676649812109597,-6.925583986962699,-2.1774381913950824
-13.65686967665942,-6.934209553580964,-2.1862154435121033
-13.643712617582056,-6.939361574966317,-2.186773004680458
-13.641898975041723,-6.932731266527288,-2.1893884581362446
-13.640185523963341,-6.928927448240693,-2.191321006491281
-13.629837803324817,-6.9378755327049415,-2.1886899142027327
-13.618157492590882,-6.9483566982165215,-2.184663772458422
-13.6000923544459,-6.971288729516909,-2.169393921568451
-13.593770162973648,-6.978956247231888,-2.1649939543450145
-13.591504256893874,-6.9894274583868805,-2.1567629590982627
-13.59071759288952,-6.989802167625566,-2.1588929047904695
-13.592252498175641,-7.008550807483028,-2.1405409982552452
-13.59141066816179,-7.009082903632662,-2.141744254594873
-13.597252771499889,-7.021135401925174,-2.125938480005536
-13.602159527592859,-7.019351062615121,-2.122846000813308
-13.60200313473504,-7.020098736121903,-2.124477832630808
-13.604301101754546,-7.018484214557248,-2.127793423948699
-13.6076524553479,-7.006687582199797,-2.135769774239787
-13.608583271050344,-7.0003812622374735,-2.1411779572333414
-13.611238232234793,-6.994070244117708,-2.145168164203358
-13.613293233130598,-6.990877413482164,-2.1504004699518364
-13.612430794372878,-6.992004996440005,-2.1517355447646263
-13.620115952879644,-6.979218516083428,-2.1575578899105508
-13.620997829844008,-6.976302425177142,-2.160402646814042
-13.623257068979585,-6.981961539367691,-2.1589934937067463
-13.626891020476247,-6.969633511159766,-2.164634230429045
-13.629112264766844,-6.964889197694875,-2.1680371938038845
-13.629112264766844,-6.964889197694875,-2.1680371938038845
-13.631674434297613,-6.963251524293401,-2.1711632890056665
-13.64167457909361,-6.965325004171423,-2.1739207162847265
-13.645189968696119,-6.967453515576671,-2.1742554343690883
-13.65049806779701,-6.972968266822462,-2.1725588024954767
-13.65129812630785,-6.974427608872841,-2.171838645493377
-13.655935818064462,-6.9754811970968795,-2.1704201758596864
-13.658741777719408,-6.977424946865089,-2.167981127371214
-13.660612178202376,-6.982749947037004,-2.166341832118753
-13.657510166070466,-6.987504213115408,-2.1621194027235644
-13.65479167698514,-6.989380008714302,-2.16189041752379
-13.651928060237802,-6.993000631980518,-2.161050057514451
-13.65314995306359,-6.992044920876417,-2.1616669557484025
-13.650206903295762,-6.993377739379747,-2.159858780504726
-13.647266575580598,-6.993336257232176,-2.159080096960552
-13.647538627072564,-6.991130651683835,-2.1588998430996953
-13.640664461860885,-6.992026536920446,-2.1574111500629054
-13.64723802674695,-6.985891285366424,-2.158346887490597
-13.638457392616573,-6.989697570286197,-2.157268237309408
-13.629862374757284,-6.993201548592131,-2.15633255754815
-13.621769686942168,-6.994342833313816,-2.156923752123998
-13.614979754769912,-6.998246314499412,-2.158181154249601
-13.615661226198034,-6.995869843422746,-2.1598828325809585
-13.614021948311704,-6.997760863171493,-2.162523504696289
-13.611746514929743,-7.0061567446573525,-2.163274063053822
-13.61551651264353,-7.020118109583904,-2.164386512152311
-13.626646114589722,-7.024198694831436,-2.164121739526395
-13.632558139924107,-7.02986462328342,-2.1634519550514892
-13.637326679548334,-7.043394866684285,-2.161357584826212
-13.637664484180208,-7.043689278248996,-2.1595639903595854
-13.63876782776269,-7.050610975943066,-2.160806026031618
-13.630462099201793,-7.05205743900467,-2.163327026135756
-13.62957764253082,-7.050108669098925,-2.1631651050337615
-13.626767495849194,-7.060550276599741,-2.175003563382494
-13.626767495849194,-7.060550276599741,-2.175003563382494
-13.630220503463661,-7.074773548495189,-2.1795338929603725
-13.629818213448969,-7.0813561995591305,-2.1781789274146455
-13.628793659301737,-7.090158306594104,-2.1756824433077386
-13.629993197226337,-7.091944430573564,-2.172623782612178
-13.63079551394716,-7.0937348757007195,-2.168190262852576
-13.633886766121773,-7.092826137501506,-2.1659262906056935
-13.624151914275474,-7.10488168620203,-2.1565633798936346
-13.633954110497127,-7.10406530263971,-2.148016779159066
-13.638451068873028,-7.104543794038266,-2.144926808322636
-13.640608316623332,-7.108704281422965,-2.1415484792159125
-13.657368964505514,-7.11441115327139,-2.135855406770162
-13.666239331132054,-7.113457723336346,-2.1328967335953397
-13.68249410370761,-7.11890446261993,-2.1300441854635284
-13.695192556145082,-7.1243861001069195,-2.1285028692699197
-13.705953147289824,-7.127172727547663,-2.1283995386318972
-13.721740099360447,-7.135079360331498,-2.1280301927799243
-13.724167699664424,-7.137373664161451,-2.128780858335076
-13.729836031579016,-7.137965334326023,-2.1280522196331546
-13.738168038484398,-7.1393880485296775,-2.125702096063639
-13.743216326007623,-7.140886331871422,-2.124067651905057
-13.74940979351637,-7.145623724785979,-2.1201316027257016
-13.749894369941838,-7.147164340400284,-2.119723632718551
-13.750328535566057,-7.145426140523947,-2.1184393643937898
-13.752287051816497,-7.148487756576592,-2.1193908557939354
-13.752726705110753,-7.15413036235554,-2.1212004310267423
-13.755348198676414,-7.161059666774945,-2.1206448764056054
-13.76615374912214,-7.170847280224961,-2.114657142581786
-13.768138437923424,-7.172679846679197,-2.1148098007757365
-13.77564354303033,-7.173750151272581,-2.1113782281044706
-13.78504880751443,-7.17107259672445,-2.1077493438480883
-13.79321848757034,-7.164275545843533,-2.10483966475315
-13.801583281980706,-7.16117665064707,-2.1033164937006124
-13.807997949652638,-7.158540029283993,-2.104415285520072
-13.818119142076597,-7.151791181766355,-2.101850286207845
-13.821288708084989,-7.153972838739133,-2.1025277940553875
-13.82607777756088,-7.160648466285682,-2.105015167737828
-13.832200382020675,-7.159632370896524,-2.1038761045849883
-13.842260533072297,-7.156539642641777,-2.102758322049188
-13.846051628231978,-7.158689257974707,-2.1049352497128733
-13.849173731284827,-7.156180254612534,-2.1059021718718323
-13.851926189007042,-7.160306933845359,-2.10894059688638
-13.856199146505137,-7.163008379006955,-2.1127218566734896
-13.852733350420255,-7.179945904766638,-2.1221616094594564
-13.856012424401422,-7.188533203725785,-2.125609944872504
-13.854984590049066,-7.198191681887013,-2.1280865974364693
-13.86278512149309,-7.194648659111124,-2.129847755931235
-13.867931808470349,-7.188718220623889,-2.1324388846066213
-13.867740649728058,-7.201219166289419,-2.1331966504928817
-13.870529176067118,-7.216397808152239,-2.1322195566797792
-13.874251152659925,-7.218554167401058,-2.1310257790994913
-13.877957839016549,-7.226722366340587,-2.1283436992308835
-13.882321539011013,-7.232425017331509,-2.1251101894782094
-13.886926998911372,-7.239577128351681,-2.1215281771307204
-13.891991644156555,-7.244390223565883,-2.1195905349995026
-13.894775938306557,-7.243218464364275,-2.119724841033564
-13.90251195642295,-7.246453909112527,-2.118048476052155
-13.911302842295006,-7.2497035273210075,-2.115589663138943
-13.918023379696367,-7.250707262187146,-2.116423148595488
-13.918653117320831,-7.250924974015556,-2.1180841734330533
-13.924197605839414,-7.251742695394821,-2.1192530530260227
-13.933083885772927,-7.254284064970793,-2.1203210261762373
-13.948701077357809,-7.255894569256776,-2.1221065298673336
-13.959123663464103,-7.25648206201363,-2.1217023068389573
-13.975385435702803,-7.262128746851869,-2.1179725984708955
-13.980292903008054,-7.264555422111261,-2.115754896713221
-13.991300367809034,-7.268194459847842,-2.112712728610099
-13.999999009319778,-7.2719875138209495,-2.109539215788147
-14.00293587246248,-7.2747194996409315,-2.109217624143429
-14.015169917689896,-7.280898634316002,-2.103247148380826
-14.02279071203053,-7.283634047267493,-2.101078135246533
-14.02279071203053,-7.283634047267493,-2.101078135246533
-14.031409845337482,-7.287663993771663,-2.1012299916363117
-14.043132870541491,-7.290748014292761,-2.1014524093872207
-14.052289386388523,-7.291568598799336,-2.1004389256233416
-14.063030248096942,-7.302087272233101,-2.1003193066206727
-14.07010994517817,-7.309297002054788,-2.0988216371925197
-14.072433445373242,-7.309003959471854,-2.098423524403617
-14.076900482905343,-7.306161829676302,-2.0970428543369404
-14.082908755974502,-7.31494372227993,-2.0939745143183486
-14.08893726329747,-7.335458555087406,-2.085523776860714
-14.092384694155855,-7.346835892209841,-2.0797854377575646
-14.093706606325739,-7.361360043666557,-2.073068005779391
-14.099032047801957,-7.370407292693044,-2.069490878986175
-14.106135345363988,-7.379143186317065,-2.0673953364845974
-14.115514613342219,-7.388612997117588,-2.0667003780132527
-14.130408286360526,-7.407763140251628,-2.070245704721888
-14.147069036006881,-7.411325809899847,-2.0754585187074546
-14.148662629890778,-7.406387274907261,-2.076787212469847
-14.160485140630737,-7.416147625266545,-2.080603704201564
-14.170573741686482,-7.42318036389889,-2.084690565910719
-14.18686251261373,-7.434330646968631,-2.08819198321013
-14.192470095680962,-7.434410874396875,-2.0868741868054803
-14.195146438230132,-7.423868768702331,-2.0880000725629326
-14.204828489025155,-7.428419186085506,-2.086613338097582
-14.204828489025155,-7.428419186085506,-2.086613338097582
-14.21483089182875,-7.430399974797157,-2.0890336887865097
-14.21817058498003,-7.4284743248708045,-2.0925064073070314
-14.2195550993186,-7.428057248471112,-2.095718215918047
-14.209166307219208,-7.420026653805887,-2.0967230550207367
-14.220458922052888,-7.423687144493511,-2.1040531635713395
-14.215646434373406,-7.420279540204241,-2.1045239761701873
-14.227696182219885,-7.429898866913001,-2.1090836324176085
-14.23385368076114,-7.43401255624948,-2.1072895871187294
-14.238477973950129,-7.438959411690108,-2.1044076570472225
-14.234315243324437,-7.43711447719028,-2.1043074187732325
-14.23989860563113,-7.441700881626578,-2.094918330824661
-14.241525858520005,-7.443366525919318,-2.0907202873938977
-14.240663985609222,-7.443075485729671,-2.0910048879171783
-14.239720379171446,-7.442655808101806,-2.092333311708975
-14.24142789022527,-7.447844086770233,-2.084942156986833
-14.242861035209422,-7.450787122669035,-2.080200252347829
-14.244647151090629,-7.4530859857073075,-2.0725353158251836
-14.238282517632175,-7.448413244444995,-2.0722365944938974
-14.240974861229008,-7.451652304500186,-2.071226560481327
-14.240974861229008,-7.451652304500186,-2.071226560481327
-14.2390793816443,-7.4463829808642235,-2.0784582399548435
-14.237800318364195,-7.445805067038024,-2.0840527674236116
-14.232459079225844,-7.440247750576306,-2.0918556400047787
-14.230647041495468,-7.436648614030277,-2.106542317785871
-14.22598644882017,-7.435100038474492,-2.108277794713674
-14.225671269203255,-7.430375999778742,-2.1167598890922856
-14.228298845545366,-7.428238615949757,-2.1230235212034647
-14.228476866258351,-7.421446285267577,-2.1282836458972736
-14.251901555720446,-7.423755817835551,-2.124418263977804
-14.259185841203648,-7.423754237957377,-2.1219829928818417
-14.253407136946404,-7.423450143251215,-2.121363190052636
-14.264632179506586,-7.434558870655499,-2.1212873207582987
-14.265464761966408,-7.440416730317681,-2.122254251569995
-14.259618814836044,-7.442912955404411,-2.12262700066176
-14.261172225636647,-7.443039138883451,-2.124127108876573
-14.26693152055401,-7.442055228358283,-2.1267732229225413
