-17.196069027457373,-12.772271037206934,1.3667159350225992
-17.208535875620807,-12.786528301353695,1.3665982939184673
-17.208535875620807,-12.786528301353695,1.3665982939184673
-17.22342714140012,-12.79997690035801,1.3673101541412478
-17.24454501316671,-12.811259860116598,1.362069109644157
-17.260743782195043,-12.821450622556558,1.3669767371559811
-17.272480013645424,-12.822268718753454,1.36284049768279
-17.277181643295904,-12.823632881232342,1.3580396281342308
-17.285364003194506,-12.825908949142038,1.3524704086378316
-17.287299110761595,-12.818407516951,1.34691070938266
-17.28645535723898,-12.805347579511276,1.3208124938083896
-17.281077122656313,-12.798140296922735,1.3001848487906182
-17.263050605881514,-12.787870538259462,1.265184685383466
-17.252363080297684,-12.793182647816502,1.2533932182760534
-17.206734948690926,-12.744881895122774,1.2053117729355332
-17.14447315111681,-12.659574600120184,1.1374768015231629
-17.12729268831578,-12.659909906145089,1.129879871842083
-17.093380940325787,-12.609804021757634,1.0884401599655376
-17.063053264958544,-12.548317445511154,1.0410921343996853
-17.0601257885467,-12.420706095017172,0.9418452010698685
-17.04875733883106,-12.404682720888298,0.9378010562910084
-17.04875733883106,-12.404682720888298,0.9378010562910084
-17.05226220022726,-12.277004988719122,0.8321919287265075
-17.047273695742557,-12.187983524158154,0.7674342648846437
-17.02272252154973,-12.163123546287812,0.7664215563314535
-17.030225647082737,-12.084836038834723,0.6968701376551927
-17.00033181268711,-12.048622820159292,0.6952717367639253
-17.00710242939786,-11.900098009671867,0.5540298360483833
-16.990100153334335,-11.800889806497763,0.4812874545032696
-16.954878206680906,-11.664011518535977,0.40346802503737583
-16.954878206680906,-11.664011518535977,0.40346802503737583
-16.905132432861564,-11.465363713574629,0.250746573411703
-16.852243855088496,-11.33102344905204,0.1880856108489596
-16.806822417377525,-11.191816915048275,0.08322065255407791
-16.767261126280854,-11.090787917718627,0.04332729623268785
-16.71778775978297,-10.996244091067128,0.016442456449520297
-16.669097142014717,-10.894771239597464,-0.004555020223412821
-16.62462772149146,-10.794847859849902,-0.017591532419143904
-16.578780331270824,-10.693397229743164,-0.024308480030492574
-16.538294267971157,-10.594196488275426,-0.024286397775256634
-16.512590362604456,-10.537072887358452,-0.014755152131856193
-16.471007316996833,-10.40408574907659,-0.0037488889098045374
-16.40934852981526,-10.312199875414917,0.018218741887051276
-16.36983990646144,-10.272225587998092,0.02597355321097799
-16.362924889447726,-10.23308586566804,0.02922680633752169
-16.34326798770367,-10.16217922231807,0.04431101565277726
-16.28171615106011,-10.09220475663543,0.05740370174313975
-16.16646374020003,-9.997784994635508,0.06452055752119215
-16.148992800964148,-9.974626293882501,0.07810277681014795
-16.011670921212456,-9.879616983705976,0.08539284494388469
-15.961141201661832,-9.849726798271526,0.06360452508443641
-15.847165694863,-9.741162551047427,0.007771891605214312
-15.830965609279783,-9.725829899902479,0.02883826830549529
-15.758175379419102,-9.664553022564201,0.003231395723674301
-15.687996161620223,-9.60481784848917,-0.030319702476377514
-15.575335719276538,-9.494956498614945,-0.13810379972436532
-15.513433664418015,-9.406941290962248,-0.14452213105054118
-15.481818553724537,-9.328337091403844,-0.17856475879112377
-15.47032933949374,-9.246928902087799,-0.21409389819287927
-15.45447212029665,-9.21759118549013,-0.2687182652405033
-15.47317064647033,-9.146906134204416,-0.30840978548047093
-15.505005781133592,-9.085193625425438,-0.35427582708183264
-15.585621024878895,-9.010415441247039,-0.41467387130540234
-15.587568099779267,-9.018314951177828,-0.44445880922544084
-15.66037982355974,-9.00107401378457,-0.5137074429081628
-15.684790440900043,-9.02211847901889,-0.5503917214939297
-15.696158453018784,-9.055348817973753,-0.5785276096656847
-15.684122725919881,-9.09978565358901,-0.5822457015822333
-15.67091145368252,-9.117028817734878,-0.5794440255097325
-15.652297684697718,-9.12386131024132,-0.5687574165896743
-15.626364605504657,-9.119065388752466,-0.5551459599687839
-15.626364605504657,-9.119065388752466,-0.5551459599687839
-15.564378491200497,-9.082398808080232,-0.5348975187199119
-15.564378491200497,-9.082398808080232,-0.5348975187199119
-15.579632763208998,-8.898277488282304,-0.5327178963549611
-15.52484553645856,-9.011775040397364,-0.5358284172058599
-15.581674239514063,-8.777605545030724,-0.5673197411977857
-15.535196822649285,-8.894556789757585,-0.567852262659259
-15.56340259962513,-8.816251981002726,-0.6020196998110672
-15.623985697696426,-8.669883901346592,-0.6384896283653093
-15.753939618912906,-8.40344850934981,-0.7294381265173479
-15.821245989846473,-8.302573643213206,-0.7780259371652757
-15.893777969862242,-8.208928571407395,-0.8257022554623574
-15.892136502078472,-8.25135816202908,-0.8391016046897594
-15.89981528651954,-8.291512814089044,-0.8471714980365515
-16.11875705955564,-7.905587881934122,-0.9665277982652303
-16.11875705955564,-7.905587881934122,-0.9665277982652303
-16.237783737552434,-7.7311689713564276,-1.076154577212959
-16.31740818662488,-7.7148091036394035,-1.1272182746305897
-16.369421861472496,-7.782339235794021,-1.1172362686914463
-16.439785343433023,-7.680200572360338,-1.2282530412284747
-16.475151682375365,-7.666481715929053,-1.288053196731487
-16.47725529667278,-7.637286736079602,-1.3449767338437835
-16.51697539132009,-7.6558705096958075,-1.4258741514775128
-16.536296560143768,-7.665182729946066,-1.4439068064926772
-16.542604531490007,-7.65990904709239,-1.5216837206999207
-16.544585113656613,-7.659328992002152,-1.5994098011210456
-16.51498098342047,-7.659838018402513,-1.7241189501028698
-16.51845030199857,-7.673510712642326,-1.8180234489773104
-16.49798913832571,-7.684507105381538,-1.8808279410090583
-16.472843288397268,-7.689910310572748,-1.9414641502966727
-16.481688913242742,-7.689735470460601,-1.980257346366351
-16.451224201617066,-7.683709965511662,-2.0387406410688156
-16.431545323756648,-7.653514953173367,-2.1243021076246356
-16.364658035657246,-7.620874343811044,-2.113423180225489
-16.35399575600184,-7.560083227933342,-2.1431574831775357
-16.337891986694963,-7.507349630515875,-2.129548833134812
-16.32788287437481,-7.451769373401666,-2.1077456618312786
-16.32788287437481,-7.451769373401666,-2.1077456618312786
-16.32788287437481,-7.451769373401666,-2.1077456618312786
-16.325885350504674,-7.3908864573268085,-2.0848359192239214
-16.330534032806764,-7.351092812107585,-2.0646740110992274
-16.345982500737,-7.2784179739705275,-2.049103975257212
-16.36830221715357,-7.226837366480478,-2.0432312747383263
-16.400476988528734,-7.169711384615969,-2.04940344610631
-16.43141366842485,-7.1282503934875034,-2.0681673581323423
-16.470642997536412,-7.0865988621803355,-2.0978793459974368
-16.505025655882143,-7.05117843832506,-2.133127725630694
-16.575240230673337,-6.9796732781711635,-2.2168890709569316
-16.56390479731476,-7.007940777480606,-2.2209483199636453
-16.5971817625368,-6.975437802221813,-2.270380642277536
-16.617298916896907,-6.961864119869499,-2.3306162976552893
-16.62083319792533,-6.975273751156698,-2.403336480906421
-16.62789029131615,-6.968436501646268,-2.470752510996002
-16.646592934271393,-6.921872546570562,-2.590163089024794
-16.64323387242576,-6.901467050047098,-2.646856342376253
-16.65074528928682,-6.855472735008748,-2.697177115564989
-16.62316223589639,-6.894616540412231,-2.7041392230614494
-16.627588564923876,-6.808525690334257,-2.794429329204621
-16.629623516007918,-6.766551252623023,-2.8315346967812243
-16.634809346080523,-6.722599612199945,-2.8621963850137586
-16.644579038982528,-6.676490182986986,-2.8858663592622897
-16.660352771290896,-6.623638311604748,-2.9059724166576997
-16.656696501210046,-6.6281643099251175,-2.905923172235034
-16.690954686700696,-6.533808980506582,-2.935143606128663
-16.73323865159831,-6.449996614596942,-2.9471454389902365
-16.756997470335193,-6.406725696221216,-2.947771027464024
-16.774246938017807,-6.369333830085378,-2.9463498712370906
-16.777466235252326,-6.364243082440633,-2.947857639723023
-16.784780857946195,-6.350866053681938,-2.952429562252229
-16.789601853310607,-6.331123984061685,-2.9594018212417796
-16.80439281039097,-6.296158246168942,-2.9557106662121413
-16.817905899231363,-6.238422471525031,-2.9571348088268716
-16.8304234041989,-6.197437668397169,-2.951847781798834
-16.8531372153129,-6.158996120949876,-2.9256891168721006
-16.8606098275382,-6.144667450151696,-2.9087604985653606
-16.86104163611095,-6.112806899700171,-2.917243736761814
-16.861896887904088,-6.097173872607154,-2.9214458460055464
-16.866505043124572,-6.0339432348957684,-2.8911297597740417
-16.866505043124572,-6.0339432348957684,-2.8911297597740417
-16.859397505068905,-5.984805432311732,-2.8386862463355342
-16.85274815857085,-5.96236994662138,-2.807636402829458
-16.848240472625804,-5.93368060166704,-2.8168535336552214
-16.845605968069876,-5.928523511567005,-2.7487228996407733
-16.851066605500804,-5.939370825195105,-2.717073968991008
-16.86989786386933,-5.959823859708636,-2.6684384292069168
-16.883353156260647,-5.96435779367685,-2.6525909376440846
-16.899346429951276,-5.964568727173787,-2.641171825828695
-16.914260311789945,-5.964127384700474,-2.630450472391235
-16.94291552549253,-5.960782912847105,-2.6213259376095435
-16.93635053311769,-5.943756511017485,-2.617655066711172
-16.947158760802722,-5.941634890112308,-2.6156278077362125
-16.962920955830455,-5.944473845545973,-2.621112838861155
-16.987381709537235,-5.940314868503821,-2.6377657208666685
-16.971897396568867,-5.928628338433926,-2.6320966991598675
-16.986166696444293,-5.931877086712409,-2.642467174120736
-16.983638415684318,-5.929631608457137,-2.6441965536399574
-16.975959451515553,-5.928219937701455,-2.6385170032888485
-16.988823473291003,-5.933382277591945,-2.6461595024057516
-17.005822978544114,-5.94674801962115,-2.657752723990277
-17.011482300379186,-5.953313161035434,-2.663661083107828
-17.03043013773708,-5.9757440965757365,-2.681921046458387
-17.03251347279357,-5.988218803954238,-2.6834076041811668
-17.040812349218836,-6.006466502429452,-2.688487963292314
-17.056161350144738,-6.026820069888926,-2.6959809864676267
-17.07103059991074,-6.043823187329284,-2.7029705118406073
-17.076921532444693,-6.063300436683237,-2.7016096709435424
-17.08180561349398,-6.081701650809614,-2.6982113081000114
-17.079567063491453,-6.098610684601725,-2.6906561499844597
-17.082459855929663,-6.111922312271839,-2.6841335056082665
-17.082814159561497,-6.110045603801413,-2.678782280601515
-17.08759499756928,-6.122750930248312,-2.6780015984822216
-17.09520927394786,-6.155296493541325,-2.6848938321062015
-17.095354860712806,-6.153502401369492,-2.6805024531311945
-17.094272553038564,-6.167753810736817,-2.672080528687796
-17.09378965068144,-6.184359712892484,-2.6665436562705964
-17.088854964685137,-6.179381413675224,-2.6613157482835748
-17.094731427207154,-6.213493392792998,-2.657951323394044
-17.0972539967333,-6.232332465049718,-2.6520621199111085
-17.092697608408265,-6.24052749597785,-2.6350731399333607
-17.096509517112587,-6.277054875408157,-2.6208472427545693
-17.09927348574811,-6.297928563274062,-2.6145639687797226
-17.097477625561396,-6.284535491583665,-2.607483299188328
-17.103380762180198,-6.323875046046944,-2.5956399077175574
-17.10884475529679,-6.346373282696805,-2.5925062224336206
-17.105857685124768,-6.340532937228938,-2.5901099683039344
-17.1041430610666,-6.3460392704636055,-2.5844705017723806
-17.115264877975815,-6.3872982670080365,-2.5770143375697403
-17.12490734801705,-6.4120192800557545,-2.5735859215800905
-17.125956895067876,-6.428483781046868,-2.5712515059538887
-17.120636381050016,-6.438729635595757,-2.5678903341099626
-17.11685880283332,-6.431795892984725,-2.568345766828287
-17.131541766857346,-6.469412820280721,-2.5596722576482813
-17.13703036904634,-6.47944538123174,-2.554588672398183
-17.143296744721543,-6.480194172263888,-2.5489840741196943
-17.150359578868937,-6.486831242655678,-2.5448290638048072
-17.15685640470496,-6.498102722392697,-2.544913300900097
-17.161725267553226,-6.500923278510246,-2.5441465300706345
-17.163583415671393,-6.483695286619511,-2.5356713666591038
-17.16803941487344,-6.475429998217108,-2.531934009662229
-17.17516467449747,-6.481961248534163,-2.5352630024363982
-17.178886928653416,-6.4901945597156745,-2.539186605410347
-17.186425013949112,-6.500241007697414,-2.5458883344839687
-17.194333214475368,-6.508341322479805,-2.546348763243744
-17.198042997700327,-6.509003568463773,-2.5439225658769167
-17.202450243945915,-6.5169179202260175,-2.543185054262495
-17.209986933806267,-6.554237605302745,-2.5375365302547204
-17.213546565567253,-6.5554264942820435,-2.535375497537275
-17.217336477901085,-6.570835344052907,-2.532035921168431
-17.229552339693704,-6.5878297098001015,-2.5249968406342966
-17.236860645049692,-6.611250297227264,-2.5137219009461855
-17.238227324064663,-6.626024520500139,-2.505876124028478
-17.23781298370622,-6.633801590287807,-2.500013911759761
-17.236701000528004,-6.646922784521609,-2.4912194929739746
-17.23177745352893,-6.659467747086186,-2.4804862735886792
-17.23205795418746,-6.663964147536001,-2.4765832027843793
-17.227757173930904,-6.673602961683847,-2.47644093288869
-17.23142549734019,-6.690298532422868,-2.4880989364260935
-17.230362943724494,-6.692258781009007,-2.4869986406166222
-17.239587143575168,-6.702408713037481,-2.4941391969356483
-17.252091870723326,-6.705242356046437,-2.516823808249811
-17.262894262227995,-6.699349364143778,-2.525799008048355
-17.27558884817366,-6.690496069307944,-2.5326391543490088
-17.283401327859494,-6.682700723459075,-2.54058253021015
-17.29708030395767,-6.673549939516953,-2.543375558761329
-17.302541670708745,-6.670517975218395,-2.5401752734949805
-17.32560626850634,-6.654712701035725,-2.544915124888311
-17.333455904142628,-6.6469662171404185,-2.539730847261927
-17.345156115100963,-6.640566669753564,-2.5420464428968637
-17.346704557375705,-6.637296246801237,-2.5414600248387496
-17.357006580004967,-6.633184241190662,-2.546327332790138
-17.37258382163676,-6.642351349602502,-2.5502083214409548
-17.38188162171798,-6.6480883949992595,-2.548336097727
-17.387282857656977,-6.6578684463383935,-2.5440954377853155
-17.39615243639392,-6.665976473657144,-2.5393223577888766
-17.39850266635719,-6.663006836875813,-2.5411893346122034
-17.411006074851805,-6.682146201588802,-2.53126083074123
-17.413115140661827,-6.688370049347841,-2.5307010118145836
-17.413435178815448,-6.695618622264726,-2.529539876888319
-17.41736735419161,-6.703284751364899,-2.5344856680723247
-17.417435493074876,-6.700362492452224,-2.5373993563911164
-17.42236370166931,-6.714804167484577,-2.5424046530377304
-17.426657349347824,-6.719884870878556,-2.5494565171945065
-17.430167200055447,-6.7214925283929645,-2.5534834239028528
-17.432058833643946,-6.715772758927993,-2.5546751884142846
-17.431837684169878,-6.713701796868758,-2.5540347466118445
-17.434051249697458,-6.7147164373253645,-2.553936829097743
-17.4261606767144,-6.704805734518578,-2.554926468028195
-17.4236565867149,-6.697173479686557,-2.5562761482868237
-17.423171971215606,-6.691877710981252,-2.557681673895147
-17.424616759694285,-6.688375510356259,-2.5579604108428518
-17.42917807416961,-6.690246016762487,-2.5589298559497133
-17.42917807416961,-6.690246016762487,-2.5589298559497133
-17.43504493342978,-6.69457138795383,-2.5567499378401988
-17.436632699691344,-6.698554895233956,-2.553819260295914
-17.437617853841484,-6.698200800823261,-2.5502671207757692
-17.443571057111246,-6.697888240859041,-2.5427364905612215
-17.450878640983337,-6.69913356912377,-2.538875644447246
-17.458199097341016,-6.704538495121599,-2.5358040840919256
-17.466273009062753,-6.71328075152022,-2.5319491394745666
-17.47466260893627,-6.71994574864255,-2.530073440187856
-17.480742895292114,-6.737961344464471,-2.530544574961143
-17.48226300577395,-6.7436583003762145,-2.5322651075030485
-17.486508095872875,-6.750433686268508,-2.5311174443099627
-17.486086407035557,-6.754792812677067,-2.531666286325077
-17.490382615401646,-6.763890556828281,-2.527798434564647
-17.490382615401646,-6.763890556828281,-2.527798434564647
-17.490958347077395,-6.774938222926421,-2.5292584458366827
-17.49751694792517,-6.7811854721101525,-2.526688398582969
-17.501601272844518,-6.790710078983878,-2.5269074346951146
-17.501052108849667,-6.797482533665349,-2.530090541954172
-17.50791501250442,-6.803434495481057,-2.5285868503943982
-17.510342703095844,-6.804587567371011,-2.531284631090834
-17.51849340836831,-6.804506396346084,-2.532002347537503
-17.518177320228673,-6.8049947805405715,-2.535019048896773
-17.522368608178724,-6.805840600837844,-2.5334097597283227
-17.526901832594397,-6.808985412824055,-2.5352043843412178
-17.52808960907999,-6.810907979428998,-2.5382429958667996
-17.5196148528633,-6.798976946397638,-2.549551313256367
-17.525148191719744,-6.791822489142708,-2.55137965510806
-17.530691290845684,-6.79137641361982,-2.548244392709572
-17.532556908640387,-6.783429201921872,-2.5561812396276533
-17.538466904488807,-6.781814364143215,-2.5529679101845706
-17.543549209873728,-6.778589853949216,-2.5564049023235142
-17.54827844694667,-6.772980978221512,-2.5664926781640416
-17.5571440766055,-6.766784372617647,-2.5687518320093554
-17.566433500323736,-6.763205119320939,-2.570479472740706
-17.575317253481156,-6.763638479075573,-2.5670949825324265
-17.576459389949687,-6.76288334862481,-2.5652106541124016
-17.582818882071727,-6.766632912772938,-2.5623415733288613
-17.591756119139504,-6.770235165559651,-2.555998776652392
-17.593554747066474,-6.7678521072885225,-2.555785606930333
-17.604819643165047,-6.7779004207036735,-2.5541076671737595
-17.610863602991415,-6.778701998479026,-2.55551485855999
-17.615815111437236,-6.787079822614858,-2.555572316169441
-17.619806242839545,-6.789239845738399,-2.5597625171641645
-17.629001166995348,-6.79943301247661,-2.57066437539649
-17.630119761769418,-6.805208766146507,-2.574867825106392
-17.63253997333086,-6.8091018719294905,-2.5771598858893405
-17.63409699139903,-6.810823289210514,-2.573974137675863
-17.634171594657065,-6.808725878715383,-2.5732826716378523
-17.644854516217364,-6.814100694799562,-2.564990852303573
-17.652068721012462,-6.810583945810679,-2.5611357479678416
-17.65806418575719,-6.809071838384417,-2.556351680074006
-17.65852664605337,-6.808401807649392,-2.552681894095507
-17.6668552273947,-6.799909212149135,-2.5545518114556787
-17.670876048890545,-6.794100106407328,-2.5553170001006587
-17.670876048890545,-6.794100106407328,-2.5553170001006587
-17.671118853591782,-6.794995858971376,-2.550610752131173
-17.67164648701441,-6.781640531912359,-2.5624599435726605
-17.669992150934203,-6.782576419275723,-2.5615315577208397
-17.669473024372767,-6.772843600174872,-2.577199281797054
-17.669473024372767,-6.772843600174872,-2.577199281797054
-17.670779003139003,-6.761966605511176,-2.5901152314481126
-17.671223819013793,-6.757427525979463,-2.596789893076999
-17.6693146006774,-6.761389883516141,-2.5961161455198187
-17.671964435437502,-6.757744450809681,-2.6006517421071145
-17.67722713852618,-6.755964427327096,-2.6062599055202855
-17.682461457551675,-6.750602416284026,-2.612947421259724
-17.69406093722208,-6.747364067986211,-2.6244878589738496
-17.6888528430143,-6.751456493839987,-2.622139281642544
-17.69362184656835,-6.745036257952325,-2.6277038637482377
-17.692345568166456,-6.734035455739964,-2.634491962788111
-17.691505826902173,-6.727816905997696,-2.6414233668308436
-17.697653652056026,-6.724357914652965,-2.650091553248191
-17.70478426611363,-6.725762938192615,-2.659912934661712
-17.70285235885313,-6.723413890797159,-2.669619689949464
-17.704575045191373,-6.71622624659894,-2.67688613375389
-17.737099094032,-6.710532300146561,-2.682418455899568
-17.750387819752902,-6.702114875083901,-2.6811225366486506
-17.766426717534006,-6.69470809354732,-2.6749277538155583
-17.766426717534006,-6.69470809354732,-2.6749277538155583
-17.77964648886773,-6.678798415558015,-2.6649041822615476
-17.79524107301009,-6.665983399014922,-2.6550899765290965
-17.813594478195146,-6.656240191464238,-2.6512903337916054
-17.83181278385213,-6.650150261308522,-2.6543107288137566
-17.84232986420562,-6.628278563030955,-2.6651256256127116
-17.85152100442618,-6.611127783676053,-2.681184928867851
-17.848854026845263,-6.606361737556823,-2.681980686221266
-17.85522124587501,-6.5861751438369085,-2.701570254809766
-17.86948027399953,-6.556213460809461,-2.7461371417304776
-17.868100369291763,-6.551862147243203,-2.7461331380188057
-17.871684802171334,-6.535473401765213,-2.7650479633374334
-17.878317776034496,-6.5184081022396345,-2.794558482974798
-17.878317776034496,-6.5184081022396345,-2.794558482974798
-17.876465503010373,-6.507118856964588,-2.806080509248889
-17.872862280212672,-6.497257172069736,-2.8158925104619974
-17.861341003315452,-6.486064455523558,-2.8264980921307683
-17.859859540431465,-6.4842470620466965,-2.829307307893326
-17.852613667910795,-6.476973617137141,-2.8318842139598535
-17.843478690671695,-6.471464706969514,-2.8316334812848383
-17.835977049074742,-6.472154275813298,-2.8295449422875727
-17.82736561265106,-6.473123983020613,-2.826610014974822
-17.821672469361076,-6.476678077761686,-2.822217827321345
-17.814971785734404,-6.483037600710093,-2.818184141612541
-17.81330250456746,-6.481059918569554,-2.808466500144024
-17.80764775793045,-6.479567354464827,-2.789228362757279
-17.800438894004802,-6.46566952059065,-2.774434296478134
-17.800438894004802,-6.46566952059065,-2.774434296478134
-17.79014612930235,-6.447437144788414,-2.7712353633561375
-17.784933547416642,-6.433337313105605,-2.7735106741438993
-17.783002277980938,-6.417037051982118,-2.7759919974642675
-17.77988823232797,-6.42017109264551,-2.780454520172511
-17.77894970916678,-6.406839637282452,-2.785325569444263
-17.777935237418525,-6.393345099122907,-2.793329509529529
-17.780407462581827,-6.377413478582933,-2.7990665064496967
-17.784094500232644,-6.361554603942729,-2.8035311976114974
-17.789022045569833,-6.347638157152592,-2.806530497696171
-17.787692544197302,-6.356922874552443,-2.80586232753589
-17.789909423700806,-6.339076693370358,-2.8079515387128287
-17.78950865350404,-6.343220465362372,-2.8076221737117595
-17.78917114272937,-6.325344534994564,-2.8119774292630626
-17.789713628412233,-6.3090432330241235,-2.81667770161257
-17.796061014444767,-6.271324314349775,-2.8224065466288546
-17.798525686538564,-6.261944054885707,-2.823822727183449
-17.79859870751023,-6.265012578146791,-2.8241679393631016
-17.80671858842034,-6.244409550914687,-2.827156750833038
-17.810782809992777,-6.2381020687244275,-2.825267049127117
-17.812528038978087,-6.240315473422834,-2.8251982377882134
-17.81706538227767,-6.2270084485039545,-2.799655696021252
-17.818002998139683,-6.228847766310189,-2.8009000237412383
-17.81760239712072,-6.228437537381962,-2.7930788647352753
-17.81874151260106,-6.228529517998804,-2.7954768953932687
-17.815080880540428,-6.223265100576344,-2.792904588228842
-17.80056025416895,-6.2112689988506755,-2.789502217371035
-17.795218378096564,-6.201881547354966,-2.7928085304904795
-17.78936907301066,-6.1961249185194225,-2.7949660834484393
-17.78214290809972,-6.194545488098815,-2.797060401528446
-17.777980410660618,-6.194018770408897,-2.800347910137428
-17.772399897280387,-6.1875568589667305,-2.7987335724775346
-17.77472356325818,-6.188121834517089,-2.80386723313779
-17.771423283738624,-6.183916826048227,-2.7967313728674212
-17.77065583086023,-6.179132494705562,-2.79492454068886
-17.772358678617394,-6.178341447710221,-2.7970182244496766
-17.774389333489594,-6.178033410282043,-2.797674110349846
-17.770605521407987,-6.177241729653546,-2.7990627119584226
-17.76100284456895,-6.177416320069608,-2.792667101116541
-17.759561285210395,-6.175793022667333,-2.7897439204936236
-17.751269529325103,-6.174440454902494,-2.7905961374563164
-17.73949201001907,-6.172112598142114,-2.790107385965115
-17.727738101866656,-6.168759020004902,-2.7913539616999534
-17.711005484529107,-6.1685436483645315,-2.79577499120054
-17.70169971593728,-6.169635279792485,-2.7990341151847047
-17.693562251693685,-6.170466360201312,-2.804862927182342
-17.689241486735494,-6.170955802806716,-2.8082725591186284
-17.6826004029949,-6.17088058486489,-2.8120500169691165
-17.675510721596893,-6.167472476768024,-2.817206978632959
-17.671203120020134,-6.162725631965818,-2.8202108628634104
-17.66444048491802,-6.1492921224572825,-2.823856207803304
-17.661904198927633,-6.142823648709691,-2.8234201249434996
-17.662656733114943,-6.137363003394853,-2.8225525366852366
-17.662933895705688,-6.122286559959305,-2.8197176100488637
-17.65887928995839,-6.121028706580624,-2.817099847408753
-17.6608507673051,-6.1145387441345385,-2.8168828700982775
-17.65914787589085,-6.114948121587669,-2.815502120226904
-17.657133115055963,-6.116168103816347,-2.815491824034275
-17.658464904870456,-6.10188361291555,-2.8186713837468376
-17.66345536088064,-6.083990980955865,-2.825780784251843
-17.660692231326944,-6.085585588885451,-2.8255029243148915
-17.659587238445464,-6.086685492833741,-2.824570743221287
-17.669009436994546,-6.075100320474794,-2.8226901031968654
-17.669009436994546,-6.075100320474794,-2.8226901031968654
-17.671921753520078,-6.068645875911136,-2.818847775658255
-17.68450093949601,-6.0635940091051825,-2.8169330947463194
-17.699133676063358,-6.057952882444513,-2.8148609545657894
-17.726251725335345,-6.038046269563729,-2.8158923139336407
-17.728755162596524,-6.026848358321454,-2.8143354534214473
-17.735354015886177,-6.013459652931206,-2.817946131868492
-17.76071844736736,-5.995609934037641,-2.8345780546682513
-17.761611782400422,-5.9940983141880455,-2.843541284650263
-17.769642741270022,-5.990882689149317,-2.8515052456011833
-17.763395449162466,-5.98871336124194,-2.8504668526875365
-17.767291722766615,-5.981888632562245,-2.8544280887342732
-17.772144043863378,-5.979236990838192,-2.855498401934746
-17.77055501503618,-5.965771283381931,-2.854096348928897
-17.765946921542223,-5.943716183009344,-2.853165620217523
-17.76351517995326,-5.933071856142746,-2.852588403866762
-17.761512048021707,-5.92346119418534,-2.8541885969630876
-17.756391186780156,-5.913400817202024,-2.858054116727212
-17.735333456561637,-5.899856808413878,-2.8659624138061557
-17.738849873508574,-5.895481468911475,-2.8636665767450356
-17.70453065624473,-5.884023879464737,-2.8730011937941824
-17.687910704838423,-5.877916260664592,-2.8762714668736593
-17.690981784436616,-5.873484287700637,-2.876433680232269
-17.6518474977638,-5.861819474628332,-2.8869378219548416
-17.632630772579063,-5.8598452555671,-2.8914395609576746
-17.634676383472215,-5.858104299621407,-2.891873052534265
-17.61900896468826,-5.852107078399353,-2.896624481643667
-17.620299578468025,-5.85079409149255,-2.8977177698979957
-17.6045820734842,-5.85026899845668,-2.901077398174716
-17.589284880553222,-5.850085339229741,-2.9013535812380775
-17.573642515215763,-5.852329087250901,-2.9005155662162863
-17.548499722591412,-5.842386272141986,-2.894897718550937
-17.53845649660568,-5.82830365041949,-2.8964340060275267
-17.53845649660568,-5.82830365041949,-2.8964340060275267
-17.531703680495315,-5.813264236553576,-2.8985599198968943
-17.516064790332308,-5.775243099861648,-2.9091732371372814
-17.512931436673483,-5.750843984569681,-2.918707254846573
-17.507007057133045,-5.715319456075934,-2.9359825189757744
-17.504810650114912,-5.679338953683119,-2.9554135661097254
-17.504987700087188,-5.68221404362841,-2.9535134680180795
-17.49556353849118,-5.590886222814064,-3.0013217200555435
-17.494174125769916,-5.547527720725298,-3.018506766356087
-17.492492554133552,-5.510502454373674,-3.031540407429103
-17.492492554133552,-5.510502454373674,-3.031540407429103
-17.49077874848215,-5.469100682712749,-3.0463871671542573
-17.49226708909628,-5.386336445047242,-3.069217399152407
-17.492887434975735,-5.344263218807796,-3.075492586482552
-17.496087572318913,-5.318298559395818,-3.0738387451823064
-17.500920417636987,-5.289390962072889,-3.0715221596004887
-17.51289540272354,-5.23135257249092,-3.0666906018834386
-17.521702531052068,-5.210681921711492,-3.0624317676986075
-17.531064307036996,-5.193209719606934,-3.05678914221503
-17.538424272166736,-5.172002941686353,-3.0525051029108368
-17.542384503372485,-5.179224648834218,-3.0516572094015126
-17.56181607272652,-5.148268652513139,-3.0461428079542707
-17.57443268081579,-5.13737540319,-3.047454329492359
-17.593192102531695,-5.090561600001202,-3.054816427405481
-17.602726036849056,-5.072890381354783,-3.0601352649893765
-17.602726036849056,-5.072890381354783,-3.0601352649893765
-17.60454148119046,-5.07626977434486,-3.061054459161446
-17.612126696587488,-5.033043324437253,-3.072829665521223
-17.61731240592176,-4.998992074552333,-3.0898713276961214
-17.615420358735456,-4.95013803232882,-3.1125284887736044
-17.59316512560198,-4.888069939548396,-3.1384335454204937
-17.590436186118446,-4.8866119522849765,-3.137789810592877
-17.57899382989413,-4.868101576452687,-3.1452054476493103
-17.56512225798866,-4.84025066760456,-3.1547957529244512
-17.548637494779715,-4.785596809777973,-3.181494157540135
-17.544327513807783,-4.750603951363091,-3.196722268287237
-17.53838646611551,-4.716906398486344,-3.2152024721016272
-17.53838646611551,-4.716906398486344,-3.2152024721016272
-17.53537590654214,-4.68721126332614,-3.231799603362334
-17.528178072060452,-4.669439268105249,-3.2420667024061416
-17.511110577707957,-4.654058379465929,-3.2586380774293158
-17.50891192231442,-4.65148692264847,-3.253595948807926
-17.481709450838533,-4.6583801159194085,-3.252498489319489
-17.483531671220724,-4.655976351983775,-3.249181220346762
-17.471693124862075,-4.66089943711239,-3.2417347742119067
-17.44276277260102,-4.670700846138874,-3.2310125024638854
-17.42891872670655,-4.6744894208822965,-3.229162322177337
-17.41079105696107,-4.674232129678497,-3.2363111952201007
-17.392602095477425,-4.6706838978912915,-3.2507884312313466
-17.38683244722739,-4.668960589358207,-3.252517976245693
-17.351138095234365,-4.665304626068547,-3.296051039734498
-17.344716508262827,-4.661811087253252,-3.2982034573110086
-17.314260076515893,-4.659410164452919,-3.3432706583811544
-17.297745795848833,-4.657740204806486,-3.360960792386701
-17.283225847018706,-4.655242872693474,-3.3735693098720376
-17.28356611518577,-4.6535241864845025,-3.3738543709265834
-17.26970222578797,-4.648269795771413,-3.378065296589753
-17.255675906236686,-4.645450079355363,-3.371292040038006
-17.245753767463313,-4.655684534432596,-3.347736876202027
-17.242353986990175,-4.652120751635376,-3.340668726161845
-17.240095784114654,-4.660699090644338,-3.317721104086673
-17.239607846652202,-4.670437004437166,-3.2991302065143757
-17.241738058417805,-4.677806224812918,-3.277464686592392
-17.25228730125838,-4.69014027570896,-3.2462608997622246
-17.260396478361514,-4.688449156673628,-3.2411400978744265
-17.27534002973637,-4.700332263231105,-3.2260883214408045
-17.291495381138056,-4.707061395783054,-3.220517742787897
-17.303338169887255,-4.7126693052749875,-3.2199256158937906
-17.30819951867831,-4.714156134873465,-3.2180362607560435
-17.34017543740682,-4.722537448921953,-3.2215689120964646
-17.34483683061654,-4.722178396915818,-3.220230846915807
-17.358013471100012,-4.724922640898214,-3.226632885770859
-17.373446077516608,-4.724930797596491,-3.2356440013478727
-17.387943070807058,-4.721664083316692,-3.244846721712516
-17.401230182512812,-4.722351090939,-3.2413405939908584
-17.409890705152417,-4.722582596134817,-3.24758609209273
-17.409890705152417,-4.722582596134817,-3.24758609209273
-17.41615918541457,-4.71003852393922,-3.2641150381735895
-17.41930853157567,-4.702499723788724,-3.2741433081867366
-17.425216750620674,-4.697956990731355,-3.2861133015934496
-17.437447567538985,-4.694028591620026,-3.3052874158157834
-17.438974769495154,-4.692904873387893,-3.302438080124757
-17.446192751207363,-4.693455377133214,-3.30620389488992
-17.456800321627462,-4.69263224303724,-3.305513550028426
-17.47355948240484,-4.689206070938358,-3.2964157134134484
-17.49053686055394,-4.698498507272241,-3.2709854605989235
-17.503905449780433,-4.704315430716441,-3.250995215433896
-17.513611539186847,-4.698396628025489,-3.24639513473071
-17.526513232933706,-4.7105247578634835,-3.2256910612627627
-17.5344741077786,-4.736497834039604,-3.188906952770273
-17.535223310057564,-4.751283119145684,-3.170160655708881
-17.54285590540015,-4.765514217804314,-3.149620319751575
-17.543395406041537,-4.779573626000283,-3.1332234501547993
-17.547657024386865,-4.779127374028769,-3.1347266842116546
-17.55168958306342,-4.791241733024248,-3.124754760618129
-17.538097602749396,-4.819957400886464,-3.109754284753818
-17.543450089277208,-4.818449190785399,-3.1116079523531353
-17.536423808974448,-4.841464088732836,-3.113267505257779
-17.53452554072621,-4.848841058807897,-3.1206095201747566
-17.525101087855518,-4.858618516195027,-3.135220702552279
-17.52244471695847,-4.859773066367079,-3.142232639014711
-17.51825855498548,-4.859638602924109,-3.149234550272403
-17.52024304370354,-4.858471209398065,-3.153366027007244
-17.507704570134333,-4.849465982240855,-3.1544713504261637
-17.501550211750647,-4.839508956009159,-3.158339439275037
-17.501550211750647,-4.839508956009159,-3.158339439275037
-17.501179855670845,-4.839312927538324,-3.1595426988221647
-17.49230892293081,-4.815599369534535,-3.1627091748212046
-17.492003556761098,-4.802815119351503,-3.164815559157149
-17.492223029240613,-4.789896143824406,-3.16732990771451
-17.49161592334063,-4.777271772726046,-3.172994003606075
-17.494868514669466,-4.764897058893017,-3.1811124835696263
-17.496941078605623,-4.767611512958945,-3.181315927844174
-17.510588915678323,-4.7402132182172085,-3.1987462966541598
-17.525882938121274,-4.714230874775684,-3.2134635123744153
-17.53735856909132,-4.707546912969269,-3.216665364778195
-17.53735856909132,-4.707546912969269,-3.216665364778195
-17.55182078215829,-4.707579079357111,-3.2181095409284426
-17.575156070592392,-4.701068363471562,-3.2151714036697334
-17.58906273516881,-4.700312439314294,-3.213436134157631
-17.608880342880816,-4.702738530489499,-3.2128225933047587
-17.623506386299784,-4.700468204874876,-3.2133070116799396
-17.63837465202356,-4.6996561329635735,-3.213211925150131
-17.64171467580719,-4.704189747770605,-3.2124430808723656
-17.656584625320253,-4.701727016518348,-3.2127232906921717
-17.657823893532502,-4.701845887984334,-3.21234826440488
-17.675379947193118,-4.7014991273358335,-3.2138400164708427
-17.685820188258994,-4.707441815199875,-3.2110216366762563
-17.689733346372183,-4.711802925115689,-3.207281142234523
-17.690181085652334,-4.712486195414623,-3.2058014848814804
-17.69676587096078,-4.725236483213101,-3.1913147810064584
-17.702664375089295,-4.72875317481404,-3.1826407808704595
-17.704925558999992,-4.728812796804081,-3.1817456222905203
-17.71093428038065,-4.7423742524527706,-3.1669837204744473
-17.711027702977116,-4.750489365735605,-3.1587361119973774
-17.7146394719639,-4.749247982101608,-3.157627647757861
-17.72304915139935,-4.744568365612045,-3.155045095940803
-17.723187258431924,-4.760963109046259,-3.1373049239070494
-17.726071214267815,-4.765150785340136,-3.1275979415172093
-17.722026072805047,-4.776424132266486,-3.1169018419011647
-17.723476804036306,-4.777984240699112,-3.116034696825335
-17.72520104356306,-4.777646255103908,-3.118135612313099
-17.731282320942643,-4.774139577849091,-3.119711651363616
-17.7426162217238,-4.769057709636628,-3.1227349422960207
-17.741866482053382,-4.7701379735480085,-3.1272465685656843
-17.73694867346249,-4.772094879717246,-3.139897235767631
-17.73525636651502,-4.771136349320979,-3.1452906167150836
-17.733771915353298,-4.770863204153277,-3.150093436742923
-17.730693011482014,-4.772164799679068,-3.1522752977774178
-17.72931298564796,-4.766003097451438,-3.1483204093144423
-17.725812364499017,-4.760723438999869,-3.140822198196979
-17.72690925421197,-4.752107460421645,-3.1389824626691096
-17.725639598866742,-4.755041673212761,-3.1354251755596056
-17.72696334986854,-4.758360518472587,-3.1336298051247797
-17.724126002002524,-4.754585090212487,-3.132255303635107
-17.724126002002524,-4.754585090212487,-3.132255303635107
-17.72809133938849,-4.760966458963391,-3.130374531549882
-17.72551859119876,-4.759731489017828,-3.1296943698442568
-17.72906049399087,-4.765521396931731,-3.1312646450784154
-17.737610397499395,-4.769856680582291,-3.1383253353679916
-17.74329349731701,-4.774975708681282,-3.1386241568584303
-17.75425871293299,-4.779184091724564,-3.1374046727705163
-17.761642379082446,-4.7813933227348215,-3.1349678998311368
-17.775136437171025,-4.789897691855813,-3.125911196685525
-17.78183644591132,-4.791312460941154,-3.121158464854639
-17.787713314736752,-4.793319059107608,-3.1131810749240905
-17.787713314736752,-4.793319059107608,-3.1131810749240905
-17.790833693114184,-4.794671225101344,-3.105864022499032
-17.79113568063809,-4.794830277435176,-3.1017479766525926
-17.792442988982256,-4.796876644738224,-3.1001110258019233
-17.790340307219658,-4.791842910860698,-3.09979616304347
-17.783555430720714,-4.773335001619579,-3.11207743055477
-17.784228457259072,-4.766100688251812,-3.1177473912561955
-17.789894694737136,-4.768274255739703,-3.1137935997361748
-17.792755002649162,-4.770154525040681,-3.1110198975269023
-17.797137943597768,-4.762808340763578,-3.1151356487202166
-17.797137943597768,-4.762808340763578,-3.1151356487202166
-17.80091901045332,-4.745796033999979,-3.1226675238450103
-17.810249435227437,-4.723487961364848,-3.1296598874065706
-17.819246719988275,-4.715773168332068,-3.1300540953549056
-17.826232404712528,-4.7190861622115055,-3.1242207712032957
-17.83591377615545,-4.717597196236764,-3.123975860281419
-17.849772462394203,-4.7105368604719144,-3.12017930407579
-17.85639407248456,-4.708624800450569,-3.1152656461137442
-17.864922246269746,-4.702303673276465,-3.113019818394493
-17.877754804365413,-4.7054996699566445,-3.1093656687893985
-17.877754804365413,-4.7054996699566445,-3.1093656687893985
-17.88098390811485,-4.709166298674463,-3.1075515731597654
-17.886963408377223,-4.705487639076007,-3.107433880143943
-17.886410833775397,-4.697304226436984,-3.110854976128061
-17.886614353430872,-4.689269489451869,-3.113006188210507
-17.887584483094166,-4.680392069025707,-3.1161951363041234
-17.886908245238622,-4.677259826440891,-3.1153172197046426
-17.886584799849643,-4.662665267556141,-3.1155055409540546
-17.883718315006284,-4.651819142082204,-3.11989575754164
-17.882466474247458,-4.646091990668083,-3.117227300255442
-17.86789226590808,-4.642364652747986,-3.1179087236084606
-17.855870483230618,-4.63892793447625,-3.1173245832232364
-17.850200393398776,-4.632317621108431,-3.1169238947629867
-17.82759281051002,-4.642292351448286,-3.1180019729722797
-17.81127844875937,-4.63836966902495,-3.120450823174021
-17.800629928265806,-4.638715179665589,-3.1243419541042172
-17.791077607730436,-4.649289020228001,-3.133359304325811
-17.78833388941877,-4.64429486728889,-3.134187863862315
-17.785732533581946,-4.640822093563532,-3.1367342885170664
-17.786615456959666,-4.6522573398195295,-3.137553069704962
-17.79212188564596,-4.662507171457932,-3.1372305240788205
-17.796760941841654,-4.6621435193895575,-3.1383134956239576
-17.80325553888724,-4.661592429959341,-3.139981980590055
-17.802430204274003,-4.6589479052524245,-3.1421195482768303
-17.806198356285396,-4.657565052661849,-3.1462702874544015
-17.815674714322817,-4.658549821551196,-3.1545802005950145
-17.817742126611712,-4.654058596319888,-3.16216033640429
-17.810876557750937,-4.650753870190643,-3.166789519603383
-17.823062202145707,-4.6431732553883815,-3.1757025830018137
-17.81791346712204,-4.641374521199027,-3.1765190034355664
-17.826248740132463,-4.636013607872625,-3.180325493664165
-17.84633088737529,-4.619055029751465,-3.1869560059935687
-17.84757773196308,-4.606635409639408,-3.1913012923227546
-17.855328221826625,-4.59755613733004,-3.192346804255457
-17.859730826512028,-4.589852951444989,-3.192395285532296
-17.866439302245947,-4.583034538872176,-3.1926879358167604
-17.880395167487976,-4.577086504282008,-3.1940647840802057
-17.891787517896766,-4.57383904923118,-3.1940825405732194
-17.894563968806988,-4.569808559614194,-3.193145596222275
-17.897085214334076,-4.565800865116857,-3.1926231832521568
-17.89529172575043,-4.563521216877622,-3.194063940779439
-17.895944453551447,-4.562985913532724,-3.1946749496114313
-17.891051824288596,-4.565971460725348,-3.1954657021264135
-17.8865137528814,-4.568149705577258,-3.1961803024996946
-17.884192372174915,-4.563268634744282,-3.1982933303065555
-17.873250885792782,-4.566066795797516,-3.200619247527237
-17.869990230541763,-4.568061783671893,-3.20122430308219
-17.865682306520164,-4.571165225933091,-3.2008517541036734
-17.861253299412837,-4.575783280061771,-3.1982955071709753
-17.85389745220666,-4.575629364476085,-3.1975050614491423
-17.846083583712815,-4.576029627381096,-3.197320396933929
-17.846083583712815,-4.576029627381096,-3.197320396933929
-17.827633114068956,-4.574339020475599,-3.1988726866516775
-17.8158761786062,-4.5753281256255685,-3.2005104425800215
-17.805943904259482,-4.575379519884504,-3.2020837232502437
-17.807056182448093,-4.573183559400829,-3.2025529651436626
-17.78424563727495,-4.580231538495584,-3.2041506115266247
-17.774879142141682,-4.582019071836836,-3.204786254068456
-17.75351411651763,-4.5847407035448375,-3.2062313888475282
-17.741168273829604,-4.583505725573514,-3.2078611408461
-17.740764769728514,-4.581116854321954,-3.2088142595724936
-17.719354422549927,-4.589556978375738,-3.212095979653734
-17.71018408180039,-4.59338940738123,-3.2136872468780666
-17.70648519327283,-4.589946125237658,-3.213785294962843
-17.691701765372038,-4.602612582709363,-3.210636062919768
-17.68608413646351,-4.603596722385354,-3.2045019834358435
-17.686686155536318,-4.599914550712723,-3.202516370980538
-17.683381476217868,-4.605355984532964,-3.1973936253579405
-17.67509594915964,-4.609474868995068,-3.190803469327152
-17.675648017491255,-4.605174253839275,-3.191173647221771
-17.669236310523104,-4.6097722088136255,-3.1932473035505557
-17.666127711540106,-4.611233338015417,-3.199230246739176
-17.661851907469234,-4.608186364421997,-3.199258845485067
-17.64882728437285,-4.610304996938707,-3.202957112788415
-17.647784845433964,-4.62042211857877,-3.211062808913581
-17.64973418782556,-4.622935980890845,-3.2116579171627793
-17.658709935674512,-4.626852991638237,-3.2095216467532177
-17.666498034554806,-4.62585786320269,-3.2070267265681505
-17.672581953118854,-4.620449934685672,-3.204016867280629
-17.67947500714432,-4.615401597353156,-3.20342356674696
-17.68772890331093,-4.609392962255452,-3.2071283187612676
-17.68139254037329,-4.607774306337358,-3.2025889919587565
-17.694108480154146,-4.589643275555377,-3.2165202496977487
-17.688616489199223,-4.587820413027773,-3.21154079143555
-17.69451335133092,-4.5757333658913595,-3.229364550715874
-17.693595400004124,-4.576190865602479,-3.2278512483130832
-17.69392465628358,-4.576183732460895,-3.226623783692117
-17.69140070251772,-4.558160095666554,-3.2485953118270445
-17.691289428960825,-4.559774910548602,-3.246188561395195
-17.687170438043243,-4.54246378275063,-3.26167820171637
-17.684392954048935,-4.537789733680566,-3.2656266818882855
-17.681852177755747,-4.5339959144284965,-3.2707211250582406
-17.679404428365682,-4.534541535547741,-3.2718866894086127
-17.675193939474042,-4.543379331700429,-3.2653738799987693
-17.67000535429882,-4.550754237303731,-3.2555006505186896
-17.66125288640663,-4.552219354371746,-3.2522883083519165
-17.64758399985986,-4.562249701437757,-3.2313540867571224
-17.641902249657015,-4.561563282549352,-3.2291595477484205
-17.61963128083223,-4.56019151263884,-3.222056439544658
-17.600774043648922,-4.575242503918418,-3.222954294164418
-17.587298974266137,-4.582606227655549,-3.228729094449207
-17.5757294156553,-4.591229484601544,-3.2375380725244454
-17.571295931247793,-4.587522611175431,-3.239661941514397
-17.566886464115345,-4.594502499757056,-3.2470826250004854
-17.565455710739414,-4.59405603558336,-3.2549251879723946
-17.56686468023657,-4.596371741805242,-3.259118350712767
-17.571399996047425,-4.590148820403439,-3.263088144395755
-17.580411948878666,-4.588933450289547,-3.2633864822653234
-17.58148372507722,-4.5853386162302385,-3.2622264140474315
-17.586549229729933,-4.5783308669236185,-3.260687214004049
-17.592877446073256,-4.567674459462863,-3.2583171863522993
-17.594626956441132,-4.5651288705765865,-3.2580919980197747
-17.593560633037278,-4.570088112570987,-3.2631722435959594
-17.591791470339263,-4.573590606518056,-3.265251075369656
-17.591784760790212,-4.569577955002613,-3.263526556800115
-17.58927397435285,-4.5698342780666605,-3.2624956109632253
-17.585635426884807,-4.569957291627352,-3.2611679906994864
-17.582111252164072,-4.577248567992975,-3.2612371119816883
-17.57839758410907,-4.58056418158658,-3.261692610174428
-17.57839758410907,-4.58056418158658,-3.261692610174428
-17.57400951368963,-4.583715641470504,-3.2621780605423796
-17.569900199555445,-4.5921987468739145,-3.2612898853944494
-17.566336896915725,-4.600931829177385,-3.2615801959364314
-17.56361539852144,-4.604682439140287,-3.2630300456078536
-17.563586825077113,-4.604694756245886,-3.2625949489530206
-17.563862693611476,-4.603149041417262,-3.263185177250785
-17.569884416980464,-4.602358862029658,-3.2657028725243675
-17.571625614442567,-4.602097940828192,-3.2691291566692806
-17.570293515300175,-4.602901424974764,-3.270850058726578
-17.573069192250127,-4.600228960869949,-3.2729015953539555
-17.575113613602753,-4.591930893389992,-3.2725527602220725
-17.572537034931837,-4.591115042017979,-3.2716475553019713
-17.572537034931837,-4.591115042017979,-3.2716475553019713
-17.573210442327216,-4.580300347894985,-3.2673059187538342
-17.568993192883482,-4.58107647365917,-3.267241975873035
-17.568993192883482,-4.58107647365917,-3.267241975873035
-17.568364213482184,-4.578012157440685,-3.2651643201464284
-17.566832201252442,-4.5748724586818845,-3.2657204295281312
-17.568554303292743,-4.56689926599167,-3.266142709294316
-17.578161242764264,-4.5540256317921335,-3.272585503705862
-17.58408710754639,-4.546011608772211,-3.281217583362915
-17.583720833437997,-4.547756423633578,-3.2805509419720673
-17.58390043182798,-4.548905121097526,-3.2808106059898074
-17.594449398219066,-4.538853120084607,-3.294274478825717
-17.597822631348183,-4.534524292213663,-3.3009285195450104
-17.59765756424302,-4.535955736545584,-3.3011728644170812
-17.602934500909118,-4.532058099488176,-3.3088116338651883
-17.60422892537801,-4.5350079741214335,-3.3099234002942803
-17.60450964187946,-4.535895790744162,-3.3111214670644324
-17.604787461904397,-4.539267642672421,-3.312508097159372
-17.60681462455445,-4.5446209081501605,-3.3114699771805722
-17.603214221682816,-4.547978089825039,-3.314880020046559
-17.604078589347385,-4.549774780542488,-3.3146362334632813
-17.604055923958082,-4.550498253082468,-3.3146337009733076
-17.601150203902044,-4.557519299795403,-3.314521337646119
-17.597329575017387,-4.564800763378002,-3.3107698241121852
-17.59325264011908,-4.568177656156841,-3.306380034140007
-17.584973505697043,-4.576949460677104,-3.2912329840730434
-17.581992939094636,-4.576890489686761,-3.282916390827326
-17.580444576765554,-4.579499154846703,-3.275483859535515
-17.58082117875696,-4.575840244588684,-3.274703529544565
-17.577464483232536,-4.581710462430833,-3.266908054227173
-17.57440535506976,-4.583915948243835,-3.2708129296462918
-17.57318776707705,-4.581824242889527,-3.2765775047360655
-17.572601340298085,-4.57748084145918,-3.277627594703173
-17.571030941645326,-4.578842016293927,-3.2937324953175233
-17.563344119082732,-4.570227294229859,-3.294324700189645
-17.570673762451847,-4.581340349959867,-3.3045772290717714
-17.570673762451847,-4.581340349959867,-3.3045772290717714
-17.56594425047318,-4.573977710430903,-3.3038340264946244
-17.568290994260103,-4.574133814377771,-3.3078380673451395
-17.579128040352906,-4.585742410983365,-3.3073071824739286
-17.581832312572082,-4.587726794788285,-3.3065989786322296
-17.579382063535498,-4.588876459186377,-3.305202316744324
-17.57627503963058,-4.589653128265329,-3.303802702631366
-17.577360114702984,-4.595707103336543,-3.3063103683536883
-17.574716362748237,-4.600306356070891,-3.3091394913181467
-17.573650401094667,-4.606314085461147,-3.31204234486241
-17.567394447242734,-4.606453634313758,-3.3118607812564895
-17.567057941179325,-4.615380882492217,-3.3120847321692795
-17.567057941179325,-4.615380882492217,-3.3120847321692795
-17.578059401968,-4.627323441160865,-3.30799899812108
-17.584619346170854,-4.627518698114526,-3.304974833065764
-17.592679062231756,-4.624811155992145,-3.298106534589453
-17.592679062231756,-4.624811155992145,-3.298106534589453
-17.591282259624155,-4.625105681789707,-3.295583715315082
-17.5948587026318,-4.6214667428284315,-3.293757333609342
-17.60118784280988,-4.611815340235201,-3.295613859307257
-17.6032274197329,-4.605354769951088,-3.2994402388464996
-17.605864647312984,-4.602345918323848,-3.304880886441156
-17.609189409584094,-4.599393730384242,-3.3099489562043467
-17.614390808952308,-4.599060986997456,-3.315161169204311
-17.617659247645268,-4.6000769137954345,-3.3173659942549403
-17.622125488084517,-4.6019184243870805,-3.3130675571432726
-17.62350722028702,-4.605061305217814,-3.3090406036440054
-17.624668056335263,-4.60704024522109,-3.305486952130021
-17.626226085823486,-4.606667609318294,-3.305242632678648
-17.628274210866085,-4.609207680875831,-3.305131235523033
-17.628846777647873,-4.608297316004445,-3.307375505464818
-17.630022697444126,-4.61070727096045,-3.297708108416961
-17.63220530974141,-4.610289510034834,-3.2979321202207323
-17.632887103512285,-4.613467881217011,-3.2906297851693798
-17.62859514675994,-4.61809279454521,-3.284870841320395
-17.624919727278158,-4.623920019308457,-3.283321747704566
-17.624388083707487,-4.62294246931916,-3.2836772318519882
-17.61556926048848,-4.634434292448942,-3.281360378563519
-17.613892268808517,-4.635875725769949,-3.279985594581407
-17.613104543277117,-4.639306622247301,-3.280376842207862
-17.617867955787915,-4.637624770012961,-3.2833891876197914
-17.63386162359344,-4.630525777804985,-3.285034078897711
-17.63273597004091,-4.631485640644841,-3.285765822861984
-17.65105144944276,-4.6265796247611926,-3.284686638573886
-17.664344824207436,-4.627349145929999,-3.2805414425771366
-17.664344824207436,-4.627349145929999,-3.2805414425771366
-17.685595354255963,-4.633261493448337,-3.271249146226742
-17.707953930710413,-4.636848330010966,-3.2651296477411833
-17.714673984843003,-4.6395266917647655,-3.2629623380753885
-17.725494332241237,-4.643620198775207,-3.2608984954365696
-17.73377284262269,-4.6460271107820335,-3.261890965319967
-17.741028802602095,-4.651191590457349,-3.2646775146587035
-17.738657093337956,-4.661515876497464,-3.272759502787319
-17.745637768461872,-4.658248082074884,-3.2735635449856706
-17.746018654014783,-4.6621308364072735,-3.2785076394127333
-17.743860883522864,-4.664150557087269,-3.281482379703505
-17.74700562851443,-4.666359669293581,-3.282939932174642
-17.74433917246944,-4.678355756816877,-3.281119844098701
-17.74760462552626,-4.679457793572316,-3.281896315017571
-17.749197305425838,-4.681278371705247,-3.2800549931990717
-17.75327745345081,-4.682579621006846,-3.280844832434189
-17.760208073207842,-4.678570162466151,-3.282923594905202
-17.764754499439736,-4.675320309597083,-3.2861747537455934
-17.773082096590176,-4.676714665653656,-3.2873945924058146
-17.780376417931578,-4.680481696950502,-3.289127308921075
-17.78338253461842,-4.680430784882206,-3.291131424973827
-17.78338253461842,-4.680430784882206,-3.291131424973827
-17.78342930175964,-4.676335599812208,-3.2880750471224576
-17.78143635065556,-4.669292285776517,-3.2796692337402495
-17.782883721186412,-4.6673292159784285,-3.27768713818883
-17.782883721186412,-4.6673292159784285,-3.27768713818883
-17.78539409777681,-4.66742242473603,-3.2753833481223076
-17.785575629861068,-4.656610525782298,-3.27252647284458
-17.787470594670378,-4.652153222647687,-3.2717775660358908
-17.786734525102197,-4.644956420467135,-3.2727895419444426
-17.788786129497222,-4.646278726351472,-3.271580674715479
-17.79311623466259,-4.642259913656461,-3.2720695369298047
-17.7944006889397,-4.64361164199801,-3.2720180815897413
-17.79847210739072,-4.645589973589522,-3.272164636735783
-17.802393220535627,-4.649444699630589,-3.269242070867395
-17.802393220535627,-4.649444699630589,-3.269242070867395
-17.806400264326612,-4.660628543601277,-3.2662543031170617
-17.807229139865296,-4.663493170105082,-3.266377000132362
-17.811574173951612,-4.666561143831913,-3.266328556127324
-17.814798358619196,-4.670051553781961,-3.2653723220967783
-17.819500781803438,-4.674873056222585,-3.2634911460784624
-17.82497422223506,-4.6859665312081935,-3.260317905695598
-17.82497422223506,-4.6859665312081935,-3.260317905695598
-17.83278488611709,-4.69047540553933,-3.257816423887042
-17.83670646184696,-4.695220510187705,-3.255740140732294
-17.839891616763836,-4.693395360780371,-3.255518384596757
-17.846664502293194,-4.70565255191109,-3.2468009703407663
-17.850698828128778,-4.702426755002907,-3.2466273778008623
-17.856682750709343,-4.705365369310698,-3.2380432183087433
-17.862586908187676,-4.710923932106431,-3.2296966917775096
-17.864679037916115,-4.710393521141328,-3.2291111052831014
-17.864679037916115,-4.710393521141328,-3.2291111052831014
-17.876289857813756,-4.699733065936309,-3.2357322147512773
-17.876289857813756,-4.699733065936309,-3.2357322147512773
-17.87868441755385,-4.696435276658425,-3.2361656151543157
-17.890433502080647,-4.692597596004425,-3.2484212762122353
-17.89886808072386,-4.687983675810852,-3.2538288078230257
-17.907498576920748,-4.686113534602172,-3.2557113525300228
-17.913414083669906,-4.686028757497221,-3.2544876273102226
-17.920104034988427,-4.681836748506494,-3.2510460915669888
-17.92334323887578,-4.680168988497354,-3.2482919163483746
-17.924344877468886,-4.683426427557003,-3.2444941946353016
-17.930129025578637,-4.684301454773696,-3.2380295611379037
-17.93326785202744,-4.678932151303098,-3.2355476864207238
-17.938631941200565,-4.678114671179922,-3.230478004336378
-17.946912993782764,-4.683373613975057,-3.2189151709250066
-17.9477499922217,-4.6779084649156335,-3.2195705549813045
-17.95156699117718,-4.681571840793209,-3.2140155843200326
-17.94714533498163,-4.6788102939856575,-3.213983832593979
-17.954745254361285,-4.681168189319542,-3.211492426243944
-17.949290769672828,-4.6797915977006515,-3.2103009228209127
-17.951429119085823,-4.677683443382694,-3.2190668508696723
-17.950714853412897,-4.676436695716381,-3.2272220686600184
-17.950826360455963,-4.673746986092729,-3.235471478400773
-17.957248366673944,-4.664728747676432,-3.2458624166264816
-17.959967329487476,-4.659012156100913,-3.2480334684382353
-17.95598421063007,-4.657027478530905,-3.247635434597392
-17.96660189365098,-4.649404490638473,-3.243783029460764
-17.96658110448671,-4.6424584387104115,-3.238160183604062
-17.969970938992013,-4.639047598867927,-3.23076704320825
-17.98207994587834,-4.632208661357182,-3.2194231489455403
-17.980435227388657,-4.630859723554287,-3.2185171859808404
-17.987513381989796,-4.629848881834919,-3.214222665600842
-18.00503117326758,-4.626386160651523,-3.2128333218005176
-18.013811484266835,-4.622318001297919,-3.218416656100442
-18.02202925159501,-4.620793417537415,-3.224402160429142
-18.022795451571675,-4.621889481122386,-3.225303905687479
-18.027891990352572,-4.6217226652824825,-3.2310720558683688
-18.027858520582228,-4.623234450057018,-3.23250266353818
-18.033187891043287,-4.6187011155454005,-3.243568189106457
-18.031688907331038,-4.615040661680839,-3.248843515810966
-18.02675796066158,-4.610637920976927,-3.254649287907003
-18.026207443712554,-4.611082788561509,-3.256350303214512
-18.023885558626688,-4.6108489129252845,-3.2580368058281794
-18.012075388185742,-4.608206990235064,-3.2599266912240847
-17.98819010426868,-4.593934704102293,-3.2600343473621503
-17.977452559973344,-4.585300164711778,-3.258431760543706
-17.968901090499713,-4.58249016844909,-3.2598697590653196
-17.947496843459593,-4.5754879688705286,-3.2610947554171563
-17.935366167063318,-4.572778803359273,-3.2644719794944796
-17.92851728036922,-4.572033302824014,-3.2640886043589323
-17.925335500473007,-4.5659532340480355,-3.2639115514668293
-17.920097311798614,-4.560103115672266,-3.2605404137837253
-17.9204137746398,-4.551756895056044,-3.2584347842451353
-17.92383352041902,-4.543617693368299,-3.2558572397289716
-17.931582386064736,-4.535910014626336,-3.2510907560003277
-17.940197872992943,-4.532108047284734,-3.246106408347063
-17.951324535900714,-4.530867655584064,-3.23961525908509
-17.962121158831856,-4.52830693725699,-3.234607806168962
-17.975841753487572,-4.531497244584542,-3.2251598283559466
-17.986331310599684,-4.529311133862546,-3.224572626185713
-17.987716303744754,-4.527341028238637,-3.2257461005988084
-17.99655664282577,-4.5283645947253985,-3.236714973857866
-18.00279248654362,-4.5288546826590625,-3.244425660134422
-18.008679764986088,-4.52798885573089,-3.2539202413813078
-18.015931596680065,-4.530664265538279,-3.260329516457659
-18.023439051837553,-4.533526140509065,-3.265809387988709
-18.030225396926095,-4.540884886094654,-3.2702074822124234
-18.029810795472407,-4.538750792679279,-3.2730165726180243
-18.029879947237607,-4.5394466130642,-3.276218716903342
-18.035823660720233,-4.545751741019385,-3.275893739037598
-18.039838967245373,-4.549581389885923,-3.2760161437836888
-18.046244121830007,-4.553308787843393,-3.2660926691899954
-18.046280961150337,-4.551538753133718,-3.267233145718538
-18.044142382710792,-4.55214099051929,-3.270558876056147
-18.047069257276885,-4.549444962909634,-3.270755139587658
-18.05150874439361,-4.550976334782986,-3.272317153453012
-18.059729795185483,-4.54969214323338,-3.271640932542878
-18.064049280378466,-4.54722619262314,-3.272486535740374
-18.06206227773245,-4.543505171410971,-3.2680510790065083
-18.063814068093553,-4.546810034101072,-3.268250092781387
-18.06029723750306,-4.543857573200615,-3.2661763868163827
-18.05611036492207,-4.541281164360048,-3.2639043856144876
-18.05364544018193,-4.543427048032011,-3.2583477803791197
-18.049861987674472,-4.54884351466212,-3.255330712099256
-18.051341711631967,-4.553077054626562,-3.2556100282594276
-18.051341711631967,-4.553077054626562,-3.2556100282594276
-18.052121573704266,-4.556454497452869,-3.257842330093147
-18.055874097185555,-4.563466641580051,-3.2610446459200535
-18.05787946874308,-4.569572786364876,-3.2594368423218527
-18.0574698864833,-4.572792525270328,-3.2617450320553907
-18.059663837151824,-4.5818460724799985,-3.259265197863905
-18.061159751567562,-4.591075170468134,-3.256395950613466
-18.062406163450987,-4.600137605539064,-3.253174889498636
-18.064120216042255,-4.609870434937431,-3.2493865438801084
