-24.076606424149556,-5.454796621850727,-2.6839244165615272
-24.077188547417737,-5.463302025584504,-2.700748703282206
-24.06903074677644,-5.494416221941722,-2.719529444496337
-24.069203202727316,-5.509842703081535,-2.730913668193833
-24.073831647916762,-5.544884728614302,-2.7458685238187353
-24.09729262683678,-5.556174241738768,-2.753426183012874
-24.10778488798987,-5.5624279748394905,-2.750929842079297
-24.122203061702315,-5.575643586908781,-2.7543671345338727
-24.150385281358123,-5.585407830524697,-2.7537018978356618
-24.176255081702976,-5.571418325149142,-2.753538310973062
-24.245253897646343,-5.539212852190417,-2.7536791956972135
-24.256203282792903,-5.556889604459303,-2.7537950065159897
-24.28958153200376,-5.5400877773477655,-2.7550185087020647
-24.326429956593998,-5.487394578930049,-2.763614450207664
-24.326429956593998,-5.487394578930049,-2.763614450207664
-24.332992083548962,-5.4472391891267895,-2.7752859347302765
-24.338700539797646,-5.402619801567227,-2.7880137305367807
-24.347154014866604,-5.416719698880707,-2.782261850473237
-24.349725329642705,-5.371620663397847,-2.789939737093209
-24.344738153586967,-5.3294320707835166,-2.7933153851984613
-24.347750072571092,-5.333652906903297,-2.78954181301318
-24.347934663574325,-5.257177781773406,-2.800100377732564
-24.3472077935852,-5.23285736461602,-2.7979137818763387
-24.326955053192037,-5.205934776988604,-2.7914457709211824
-24.331724186062665,-5.220513202650134,-2.7906817206358565
-24.310179548559795,-5.213515543999643,-2.7917213789261863
-24.257596547935353,-5.1932576869734115,-2.7870112273583816
-24.223233884761466,-5.2046728247446294,-2.780220481193023
-24.223233884761466,-5.2046728247446294,-2.780220481193023
-24.161814804796634,-5.21396900565434,-2.778451210231853
-24.16115874274353,-5.2239493069444904,-2.7768484238402436
-24.133010280481457,-5.2410622902466635,-2.7797059638316104
-24.137737719408783,-5.246195668510938,-2.7800691688303543
-24.126956084273044,-5.2721782791168925,-2.7825495030094127
-24.126956084273044,-5.2721782791168925,-2.7825495030094127
-24.082682769627567,-5.298419632284738,-2.794734039527497
-24.089693996956402,-5.320199082717778,-2.7899849147954554
-24.086817316707688,-5.3365749676351,-2.783861261430277
-24.080620126687002,-5.355971663416018,-2.7739244666784377
-24.092341058623525,-5.373486533755358,-2.751279962424499
-24.084789525192484,-5.380666878546384,-2.7471839849758912
-24.08389484893061,-5.393924687911705,-2.7306438751087625
-24.103567951797004,-5.4041840578032225,-2.7158973843575085
-24.09493218222422,-5.392955320431394,-2.7162344322449923
-24.11502069620027,-5.390686524410935,-2.7107212174649917
-24.119340834859027,-5.382993641308343,-2.710819987545935
-24.110430329254246,-5.3669792266467695,-2.7184373237481894
-24.110430329254246,-5.3669792266467695,-2.7184373237481894
-24.113730009764474,-5.358609398063256,-2.7240674869176136
-24.101846821632922,-5.33895952875488,-2.739880556111835
-24.109370665827882,-5.341112934055445,-2.7388734738168785
-24.103412452911936,-5.336665778196001,-2.7426718648337673
-24.096861772167415,-5.332312315178498,-2.743512865023982
-24.087108524913546,-5.3284944367217575,-2.742104972345749
-24.079731235799613,-5.324736929525248,-2.7373966469711983
-24.09125673746021,-5.341693177869138,-2.7282900613651537
-24.0772868580156,-5.3200914529302,-2.719351758800897
-24.083590800663064,-5.31656101953824,-2.71216311376222
-24.08784114472996,-5.312716771574121,-2.7091492236234798
-24.099209111979093,-5.316885125307848,-2.6997748350170574
-24.110170329972814,-5.316104798080698,-2.6939285402978417
-24.130148519175883,-5.317350967687227,-2.6862208442008644
-24.17665555356623,-5.2942934834425355,-2.6897114837842624
-24.17665555356623,-5.2942934834425355,-2.6897114837842624
-24.191203708356085,-5.28737414199047,-2.6934538852604
-24.2186290696532,-5.277650227226331,-2.699825161704316
-24.24925208440074,-5.269380025145485,-2.7042759248865162
-24.257461675563277,-5.268923600840615,-2.699938297518799
-24.309596734505334,-5.261569364239843,-2.70464472805052
-24.358763250228723,-5.266831469963765,-2.7004700659204675
-24.37506547584519,-5.27022107449364,-2.6949382144037806
-24.399567908067294,-5.264641065138431,-2.698691880655414
-24.421793846132857,-5.264976032301341,-2.7003026710064133
-24.443551212217933,-5.268929935876833,-2.700282771732516
-24.48396820588666,-5.276087810573063,-2.701290960765238
-24.495063047443647,-5.273734717644339,-2.7048683212275213
-24.537794362015116,-5.283615895763427,-2.703618935099224
-24.56534728194383,-5.2864184530060845,-2.7055446824144673
-24.56534728194383,-5.2864184530060845,-2.7055446824144673
-24.574447785475563,-5.281771476052939,-2.708177826015777
-24.632840085332223,-5.276400198863028,-2.719409069641642
-24.669269668619897,-5.269044787739238,-2.731605668122551
-24.7090720519549,-5.25740986760205,-2.752347323122626
-24.743199953765238,-5.243725143061046,-2.7678714910523357
-24.77626387434664,-5.229930771525478,-2.7904213419756463
-24.77573696388083,-5.229271598856562,-2.7966223246672364
-24.808833646427686,-5.213592863803677,-2.8267512329383337
-24.808833646427686,-5.213592863803677,-2.8267512329383337
-24.862319989077992,-5.1884110967106025,-2.8648446679436006
-24.885007970316735,-5.18338439790485,-2.8698515367046293
-24.923701606242428,-5.162686517721069,-2.8810499175598223
-24.923316010525557,-5.1593697753468755,-2.89506813732957
-24.938801136657865,-5.151059874438142,-2.8961797675875895
-24.957115453662478,-5.133880260761322,-2.88441540055033
-24.957063283128488,-5.135654987780671,-2.89015797898423
-24.966694631325122,-5.119345457965975,-2.867523949681544
-24.967425038595415,-5.112993526828136,-2.8585812851258243
-24.967137935251596,-5.119596714629842,-2.8697456198003994
-24.967137935251596,-5.119596714629842,-2.8697456198003994
-24.965631954083356,-5.128445825944094,-2.881756283582348
-24.964922137835412,-5.117283620311602,-2.8671679662507756
-24.961591293195422,-5.1082392983939116,-2.8604444310176516
-24.96080385958296,-5.094438263786763,-2.8591250030438173
-24.963135439110257,-5.085124196838138,-2.8678336759901617
-24.96628693038178,-5.069417195356488,-2.865387362894143
-24.97837531051143,-5.0439983507340385,-2.8786380541452363
-24.98161721151511,-5.047189054412925,-2.888276249649422
-24.996560284751407,-5.018524342883142,-2.9129373115829957
-25.014068440708293,-5.0017095129589775,-2.9585307379943653
-25.022352848769245,-4.986865096134037,-2.9769083136564105
-25.037574540374024,-4.964252574249037,-3.0147065062871046
-25.068281351975997,-4.905330712931873,-3.0916698620785277
-25.07344161068188,-4.874980270383075,-3.1147824942053624
-25.101980493608504,-4.805897672034733,-3.160543443961737
-25.137353291565372,-4.717912511534385,-3.204065375662409
-25.15403869370485,-4.703131358198319,-3.217506404594915
-25.16151156224035,-4.594570174328084,-3.2639371998495386
-25.18886730321376,-4.477032823935306,-3.3228022597213553
-25.216947496609617,-4.423306646765462,-3.3639310139902587
-25.26970254080279,-4.390826339963858,-3.4205876878908716
-25.26970254080279,-4.390826339963858,-3.4205876878908716
-25.306980893451644,-4.423111647872135,-3.445102200855372
-25.315229004920667,-4.384328986618948,-3.4631914714491527
-25.324443618544468,-4.316300830872265,-3.5005218802166866
-25.33828226094332,-4.325922603117228,-3.5207152414154868
-25.31960973471516,-4.2890725672709165,-3.5272512456894574
-25.310285262313204,-4.3029415986117,-3.5121011818266856
-25.26724825199335,-4.2838172533609935,-3.4687957130448965
-25.234229365100642,-4.251697504950874,-3.4391174302251173
-25.202172005244453,-4.2186516515894255,-3.4088693702969417
-25.186223096020093,-4.1919708414067305,-3.4021405078497313
-25.145487974351916,-4.131716538165693,-3.3763886619334893
-25.13694500030879,-4.120866962049715,-3.361751860132819
-25.13613368398792,-4.0972416554160445,-3.3529315537748814
-25.105106255163896,-4.048424634132,-3.3473632578676953
-25.09331090094046,-4.007692291307627,-3.361549321265093
-25.04950725941673,-3.9599126304901238,-3.352923479690953
-25.02356164125176,-3.9342501550108167,-3.3567838678703703
-25.02234988171545,-3.9232886293158815,-3.381156481488509
-25.01884608453549,-3.915611748810924,-3.407562239807304
-24.96111314241885,-3.8960120101658093,-3.391651190352439
-24.92201431658819,-3.894962315513431,-3.4188920508142324
-24.87762157414573,-3.9163676469380495,-3.386373501450172
-24.850849311477017,-3.9159487000324202,-3.424840640163415
-24.806365358320082,-3.9480255787834846,-3.3981610621537865
-24.788888224050474,-3.9457420883768686,-3.414001115946648
-24.753581623252234,-3.9459781994650602,-3.408671700199193
-24.73213800666318,-3.927363561237565,-3.394173415669317
-24.72775747769453,-3.909210811769452,-3.3727098772029285
-24.7688486166515,-3.8336022097661147,-3.3552390112178148
-24.877848117379354,-3.732047895978054,-3.331918561790404
-24.927397550678222,-3.7533737685354422,-3.3430311146437
-25.034001080275686,-3.7481673063542327,-3.367297723696433
-25.15680385903682,-3.769885839626944,-3.409614305973983
-25.33312868978934,-3.926595934676812,-3.4717705150439513
-25.42807688861662,-3.8986443581531725,-3.5553830831606104
-25.502687763775278,-4.107602303523369,-3.5646221426642013
-25.534703855688196,-4.11634704937364,-3.6077007104058376
-25.569186233614897,-4.238137540681348,-3.6426417133690396
-25.577770334319982,-4.328596681271206,-3.701720681131312
-25.558300042606056,-4.495075207267224,-3.6730134333694866
-25.554576296911744,-4.551893034140788,-3.69436531949072
-25.517218377991046,-4.6464808567553435,-3.6537612540408393
-25.503614863855375,-4.767342492879931,-3.6883806092546183
-25.483730336742585,-4.854934629367216,-3.6764671324371263
-25.477489513897424,-4.920967561781965,-3.653115005571801
-25.481401620477072,-4.90826581067653,-3.6257033256615325
-25.549407091477903,-4.810923010134893,-3.5556444210849922
-25.549407091477903,-4.810923010134893,-3.5556444210849922
-25.613247771347737,-4.78590704444093,-3.5283742239142986
-25.604771448681813,-4.86136955901785,-3.5058651151688225
-25.63102085017015,-4.846054772319283,-3.5189481359384316
-25.657231073243494,-4.8251584013992765,-3.5525898107056446
-25.732607316077704,-4.638430584618155,-3.650751465008946
-25.75395490834994,-4.697948978006968,-3.720193660722651
-25.746938543104754,-4.835640795347687,-3.7465502999478506
-25.782791080261287,-4.744705564454529,-3.815005651512288
-25.8446948209831,-4.6217588988640115,-3.969151775065334
-25.863369353080355,-4.626180337973757,-4.054097844720255
-25.88597184111793,-4.573189577714258,-4.123938494414322
-25.89875724912421,-4.624149494281643,-4.1350204999361235
-25.94148562689334,-4.462343919581058,-4.253979776885033
-25.9538256394066,-4.47956741169407,-4.260127518544183
-26.00343538543944,-4.428595628113848,-4.3293511334065995
-26.038993624049123,-4.373239574406258,-4.3811241335363
-26.08318228154399,-4.295324889635261,-4.432989225020316
-26.110680636863098,-4.284990832924754,-4.463069560904431
-26.155370337477883,-4.249833690476098,-4.4790625137633
-26.1694441023507,-4.237592203217634,-4.495996720556082
-26.18848168217277,-4.231132218864796,-4.492292050153154
-26.217182229769552,-4.2167936126960575,-4.500389000148785
-26.255375202478515,-4.189088574336525,-4.523097991895625
-26.272975092096885,-4.181801739046679,-4.5231284507656655
-26.278824976744197,-4.199948894117218,-4.477601521685246
-26.29296083404059,-4.164973850409119,-4.510329758794423
-26.28309191226293,-4.192496990067962,-4.4638003970456275
-26.270533190936398,-4.219553332520636,-4.415288001946092
-26.301350226492016,-4.0951500015964175,-4.500133800168926
-26.28875088014107,-4.118251392203056,-4.453781289909892
-26.277501058464154,-4.112988701907663,-4.390615902554598
-26.274653415736303,-4.085792700103164,-4.371914294864332
-26.275053814955285,-4.060372673199585,-4.356524711732827
-26.275870632579604,-4.039247866226691,-4.343306830251514
-26.278258526230868,-4.02426490889329,-4.332888000961932
-26.30090928586202,-4.05364089083158,-4.333238468267101
-26.309710569183583,-4.008775749050673,-4.348493210436036
-26.325887790659955,-3.9978949740171354,-4.367102291618875
-26.322693995706338,-3.9826983654111676,-4.367366906982468
-26.337223091836634,-3.969753592417695,-4.388702033672064
-26.383306127461015,-3.975253186597306,-4.439590023627309
-26.406631432432285,-3.9752021107582283,-4.470766159059491
-26.429465536529484,-3.976823389466416,-4.5039741168830325
-26.452928393393762,-3.9775014123042833,-4.5383869777380825
-26.452928393393762,-3.9775014123042833,-4.5383869777380825
-26.449376538919534,-3.9764659460953258,-4.544938312397701
-26.512844801149843,-3.991736947967504,-4.619966019707975
-26.512844801149843,-3.991736947967504,-4.619966019707975
-26.53970832431118,-3.9983851935384638,-4.659086709502632
-26.531650924506167,-4.001155144366031,-4.662897176425897
-26.536637178703625,-3.9984335914217692,-4.67644272948639
-26.549270195801324,-3.9920976086152984,-4.682338448526245
-26.546852412832457,-3.980968886232751,-4.6854773905641425
-26.53070900195493,-3.9834816137382076,-4.68481316466944
-26.56055164078894,-3.9622445034382716,-4.6751429106800195
-26.526793310217023,-3.969425223131532,-4.668748136201733
-26.527777162416466,-3.967065180369083,-4.654548976762576
-26.529989343642736,-3.967245285264768,-4.6384349548306645
-26.532680971247245,-3.965600524674797,-4.622778289610989
-26.526582226219368,-3.965922035203361,-4.597089604292779
-26.53443759290085,-3.963854044458435,-4.58464403330589
-26.525271290955953,-3.966477994450517,-4.574127043075503
-26.53239332814251,-3.964185602570579,-4.564911410784973
-26.534893630344936,-3.964009682146496,-4.561140149800945
-26.51802179930409,-3.9673074462345395,-4.550592448514694
-26.51028414672426,-3.9691301869136186,-4.553481508047169
-26.498579060176386,-3.972600340683749,-4.559974169075
-26.48844742726256,-3.9897185548580545,-4.587487476007138
-26.491667347724988,-4.003035166196039,-4.605983860374557
-26.47685028943968,-4.020797393993832,-4.611936591297292
-26.447792342452157,-4.0376336768926775,-4.605457032192067
-26.43501435553234,-4.057087134846928,-4.6011912726859965
-26.432855593912763,-4.109338654566094,-4.589990121138632
-26.41357149097974,-4.09814144268917,-4.577214029764569
-26.412209247207638,-4.137692106284092,-4.5613956118648975
-26.403649912467184,-4.13068356608726,-4.554753243237308
-26.392104379113324,-4.114335711043599,-4.542358314070649
-26.398193811444806,-4.148169848298291,-4.526207389905306
-26.40021126074147,-4.156413864070435,-4.514787000659313
-26.403562669553732,-4.155465477353145,-4.499065705658261
-26.42229596541618,-4.192022683370543,-4.487669782062896
-26.42351803562298,-4.172591726175961,-4.47769478442971
-26.425363506635794,-4.161974118959732,-4.473212243521923
-26.44080807345491,-4.191850205527653,-4.457622608498214
-26.44685628523196,-4.198805657994858,-4.449216711796542
-26.4502526367163,-4.227680715078693,-4.439789764964935
-26.450310162029222,-4.216022781355584,-4.438186485064213
-26.45175777003431,-4.218197496115145,-4.433231137910613
-26.451805848898463,-4.2376434076695135,-4.419223765868063
-26.449713498668856,-4.239543636565823,-4.4116053262439365
-26.445894858380495,-4.221924625087049,-4.408592706877474
-26.44259072134064,-4.2429813545932955,-4.392319056546233
-26.438843983804098,-4.249007696996328,-4.385757563612073
-26.438843983804098,-4.249007696996328,-4.385757563612073
-26.43544655555369,-4.282339164972776,-4.376128268787699
-26.431550314742736,-4.276026516200284,-4.374089855033292
-26.42774826864027,-4.302302129017908,-4.359423407676315
-26.42410392806494,-4.303617929586761,-4.350067694519858
-26.42350435454442,-4.29719098537301,-4.349878896973731
-26.42239607145113,-4.30846367362394,-4.33906538311822
-26.424142281048116,-4.306337144249815,-4.324042005018803
-26.42583863150393,-4.308959520721855,-4.307933320846017
-26.426867100483584,-4.311874654503439,-4.296074928513536
-26.430777952379422,-4.304172236903891,-4.279373501224251
-26.431606478536587,-4.308031623366262,-4.263801974913016
-26.431072404708534,-4.3023418642244975,-4.256340591950406
-26.429293642224355,-4.30999471207374,-4.2532961864434995
-26.421362229328807,-4.316340466064481,-4.252108188863861
-26.416649168066456,-4.3190511328493,-4.2551353517224175
-26.41209412669902,-4.320144550198399,-4.2553134385261835
-26.411406926395507,-4.319622408131161,-4.253189876266609
-26.40739734497227,-4.317818046280973,-4.2573047161338105
-26.403233675962646,-4.318691434436443,-4.258663706647365
-26.398964043197086,-4.321034432734034,-4.258611251071555
-26.39415519734024,-4.323683780134537,-4.2599271554889535
-26.38686004301073,-4.330605768720104,-4.262965626076702
-26.386147004359795,-4.3344417794819075,-4.2645431371063225
-26.382450524581486,-4.341372462037183,-4.264260792687164
-26.38133284137204,-4.343493667942136,-4.264315231948111
-26.379576783861534,-4.345937470912672,-4.263569693398304
-26.372048164963637,-4.3450136445154985,-4.260262061300467
-26.368836025010445,-4.342308934065758,-4.258391244633421
-26.3658610925656,-4.338299992800069,-4.256500632025163
-26.362689330568674,-4.336932517734193,-4.2567737093038485
-26.363823824894432,-4.333407775962619,-4.257185563463076
-26.36155823216687,-4.33415698825295,-4.2601723471161534
-26.367425615549983,-4.321426778632941,-4.259490949891951
-26.371308793974123,-4.314281406108023,-4.258453042795538
-26.377437273496742,-4.305409410392188,-4.25459954720841
-26.378424601751853,-4.297057190338874,-4.255746028644572
-26.378424601751853,-4.297057190338874,-4.255746028644572
-26.3919722441836,-4.2709136340656215,-4.253956059428826
-26.390702313978725,-4.272695150932392,-4.25990988263424
-26.398987010894366,-4.261368379295933,-4.257876507496977
-26.405815976010356,-4.2516312797697084,-4.257449374295974
-26.424378307926897,-4.2267833104615695,-4.248422357869178
-26.422615606292364,-4.229485968371287,-4.250752457032641
-26.4397973092968,-4.2024141304762725,-4.24651891601485
-26.438224360609976,-4.203750901066496,-4.251942459942491
-26.436544442358933,-4.2055252376839025,-4.255124935708523
-26.45580640572961,-4.167040705914896,-4.25627820424398
-26.458825593845482,-4.15916415147366,-4.26048959707239
-26.459825815868637,-4.155260372374743,-4.268254757136621
-26.459508935601225,-4.149775501990123,-4.273325923802241
-26.459508935601225,-4.149775501990123,-4.273325923802241
-26.458405317269296,-4.143811112091655,-4.278058726483567
-26.458977940014826,-4.126372112646141,-4.282924343553617
-26.45879810210414,-4.128679566739034,-4.284429218770683
-26.454057050686867,-4.110217715063873,-4.282324663120708
-26.44802678976179,-4.097923332927264,-4.277258332449957
-26.43667071787455,-4.071852771810799,-4.267886158236668
-26.43673808240498,-4.0683064178536865,-4.264646586282396
-26.423347679430332,-4.04504997934265,-4.257428376652657
-26.425412324992067,-4.037275862218163,-4.251662122716076
-26.412536046472546,-4.0241276646609565,-4.236902680460545
-26.414243172160035,-4.017792446244927,-4.234302939492577
-26.41538407733725,-4.004042232857857,-4.231286638601501
-26.402394187366312,-3.988644820265371,-4.220984920037567
-26.391572128091287,-3.9725371711218704,-4.219995740799833
-26.388064815965517,-3.9561897384073736,-4.2186531188181275
-26.381008643561604,-3.9638345605683636,-4.220885998771425
-26.378919419012192,-3.956104874036067,-4.219533361991577
-26.377283033304078,-3.962792617365719,-4.222520389581494
-26.374664073667457,-3.977149268778886,-4.2262678011511285
-26.376959806819524,-3.980588894466061,-4.227903334906194
-26.38266993049507,-3.9793739371310695,-4.228868489624403
-26.383306712729308,-3.973042937109039,-4.229203263101255
-26.384437091519395,-3.984175768948178,-4.228643658842559
-26.385683765887332,-3.994376855734147,-4.227657105774449
-26.385150579282282,-4.007767978096598,-4.226875522097619
-26.38361481774046,-4.047111406695419,-4.223650936402367
-26.376188072299584,-4.0405045691503485,-4.216924071113149
-26.373669065708672,-4.073389608916728,-4.215478487477101
-26.370946690841095,-4.069943775553532,-4.211894007228765
-26.36584931018582,-4.0755146362881804,-4.206163323788417
-26.360791432268687,-4.084657673669208,-4.201556135284601
-26.351719076241096,-4.0919955853447805,-4.196974080889024
-26.34795398874874,-4.090214346295696,-4.193030948606047
-26.337861112504825,-4.0894735039085885,-4.193336416720655
-26.33707553498576,-4.088418906148633,-4.191269404432208
-26.32874156783674,-4.088481558408763,-4.189331736313187
-26.314177085322722,-4.0888378822150635,-4.189322610076427
-26.31317946944821,-4.089525766055073,-4.190459941498029
-26.30122117042334,-4.084430318508288,-4.184787456013317
-26.299126399728088,-4.085055719562522,-4.191175018918864
-26.294755340005405,-4.079435953911661,-4.186149774289125
-26.293795960318324,-4.075035220182714,-4.180540836250945
-26.295204185883865,-4.07395770789178,-4.171385179709356
-26.301758155249132,-4.068980267070682,-4.148027807540016
-26.3064735323051,-4.0725167984838,-4.14853509768377
-26.316652243983693,-4.071008971636394,-4.122692117094722
-26.324295376599355,-4.07067359548298,-4.11453935714775
-26.324295376599355,-4.07067359548298,-4.11453935714775
-26.332646188365345,-4.07223556363244,-4.105532298681479
-26.340487702876946,-4.07359929290968,-4.098077527133661
-26.34096727099636,-4.0747599824433065,-4.0967217670049445
-26.348492080234106,-4.074109677766625,-4.094861867218904
-26.34923404197522,-4.074971650224368,-4.097818613588536
-26.350744383497545,-4.0753939301216935,-4.102107507324486
-26.349347300999682,-4.077701723297721,-4.104899552766111
-26.349985339815,-4.0802762542720625,-4.1059254992527805
-26.354724225339112,-4.080132398745111,-4.09940033207354
-26.353334199799892,-4.077815311411887,-4.0992857455004375
-26.364407161493716,-4.079910551867,-4.069629920333378
-26.371936092024654,-4.08137848912728,-4.0416424842816445
-26.37515516406089,-4.078364519615788,-4.036158794450782
-26.38104551601652,-4.101476528214088,-3.9867427102805544
-26.38104551601652,-4.101476528214088,-3.9867427102805544
-26.37998419288937,-4.128155998206176,-3.9557959557693243
-26.38217913381782,-4.127794701867838,-3.9544117207427942
-26.38217913381782,-4.127794701867838,-3.9544117207427942
-26.377706776808374,-4.141216325791108,-3.9520301056668
-26.371038375535516,-4.1506918540489615,-3.9577406334947423
-26.3622135317413,-4.158435751681546,-3.970809649521733
-26.353928169077754,-4.169998276058928,-3.9804084925644037
-26.356038200227925,-4.16852737425831,-3.981383012997227
-26.34906932946549,-4.180055702129718,-3.9867121208324607
-26.347020896611532,-4.1849459142188214,-3.9915907389393714
-26.330670474254106,-4.196151491965822,-3.9897097269195645
-26.327011710701843,-4.200436701128153,-3.992978360738538
-26.32473391446698,-4.206976911442109,-3.9969237717978023
-26.321603122875306,-4.215484586930805,-4.00196692368704
-26.316995833057923,-4.224575838934873,-4.00615642231598
-26.31111206343294,-4.229344912578304,-4.009611297465034
-26.308893086375686,-4.232517065480593,-4.01063726532241
-26.304962242251367,-4.230630434358368,-4.007298046364099
-26.30233336599099,-4.22710026254596,-4.000781606128676
-26.302232422721534,-4.2259022977985365,-3.9924582884893933
-26.303992461544592,-4.223432872747564,-3.9844696167707148
-26.309953403876154,-4.214111700031423,-3.9754732643851547
-26.315065209187846,-4.215274974403798,-3.9765996005123814
-26.326967853413002,-4.2117140236631,-3.984826642173054
-26.331788066725938,-4.217884297865329,-3.991401295242926
-26.338484047971008,-4.224887109688327,-3.993136603571943
-26.34483841223908,-4.235202747828353,-3.9902988152399175
-26.352170063140644,-4.2485505334294835,-3.982773702734071
-26.35757912765885,-4.2629491216986795,-3.9720577590670825
-26.360679579356944,-4.275872394601981,-3.962120939924714
-26.36048081555542,-4.278806757200174,-3.963575873816328
-26.362499113658085,-4.301129609202526,-3.948836808472356
-26.363099566248046,-4.305355492665494,-3.9497173127373357
-26.358505237320735,-4.320224143005938,-3.9463438813953657
-26.36216771452019,-4.320243119760382,-3.9460200549333666
-26.363814240934502,-4.319801334157332,-3.9454550560378383
-26.35927726497924,-4.324577698811086,-3.9459931200274334
-26.35207937531707,-4.328315931909992,-3.9464985762768188
-26.35249021046487,-4.328184855649059,-3.944691968124392
-26.344540040884585,-4.328820209618478,-3.946923638250462
-26.344985346814074,-4.328085860658957,-3.9449373541715205
-26.340814979388053,-4.331387421002337,-3.943904024513681
-26.337348905598937,-4.335348181202701,-3.941467436466332
-26.327289695529483,-4.346343544831385,-3.936225545237419
-26.333174398722093,-4.346797754650556,-3.934473428326456
-26.333174398722093,-4.346797754650556,-3.934473428326456
-26.335581272540356,-4.353010946312065,-3.9271104067791094
-26.32623428456986,-4.362609740157179,-3.9139215745672225
-26.324554094745046,-4.367790582236892,-3.9068228912652256
-26.324863036379018,-4.3702247249642125,-3.90201182856976
-26.33045729371778,-4.3694137137089415,-3.9009027339920648
-26.33235840044624,-4.3727573548485505,-3.8973286780389227
-26.329476661867073,-4.377009038726192,-3.896626387425507
-26.339515784948613,-4.381209709028312,-3.8947014613310604
-26.351173829969305,-4.3807580753182345,-3.8938505724526884
-26.351173829969305,-4.3807580753182345,-3.8938505724526884
-26.35624614341679,-4.405805133607401,-3.884644514836976
-26.367598925506456,-4.406842356681434,-3.8817581907189007
-26.37842823652272,-4.4171391472544554,-3.8752342014128462
-26.39102407796167,-4.423250713029451,-3.869941890812971
-26.409674235683294,-4.431449263206888,-3.8636233182271815
-26.423684332593172,-4.437775662486294,-3.860697453746019
-26.446402094508024,-4.448518639407488,-3.8537101444128083
-26.460422370443144,-4.449923514195343,-3.85079414994183
-26.4715177879869,-4.44962442893209,-3.847414797158621
-26.473663176433956,-4.448669855869665,-3.8502797770550528
-26.49718127266224,-4.438752225400674,-3.8482139447110706
-26.497575226143024,-4.432553275155813,-3.8520481269498767
-26.494598940569198,-4.431147592336896,-3.8529474376834716
-26.506450673680682,-4.42376381726701,-3.8569006895686266
-26.533723400398213,-4.413399168346668,-3.863170313134442
-26.547685811530954,-4.404760898057576,-3.86553593582742
-26.56379682180973,-4.398107196559579,-3.8678475154312
-26.59043986997616,-4.387592068157075,-3.856022813406056
-26.603001723841356,-4.382943629486544,-3.8421411756331385
-26.613047712060332,-4.373601808586308,-3.828915803234862
-26.622168431323566,-4.368321749367954,-3.814309812121517
-26.63467412815608,-4.357704626029813,-3.795522038741086
-26.63191711702415,-4.357762300891759,-3.7962724882907235
-26.636397085100626,-4.355398167684649,-3.7924963345590004
-26.635729914564966,-4.3570605713089785,-3.794580352869984
-26.63423176862591,-4.359389201844448,-3.799386314903495
-26.63531845832959,-4.360651320038952,-3.8009391175974376
-26.63375488645805,-4.3635406103139776,-3.8067376551768763
-26.626979182490164,-4.3798929415346795,-3.8087519652408055
-26.62284856888476,-4.388122100080134,-3.8051111943417366
-26.622392606621435,-4.388784974016152,-3.8062481991151307
-26.614051941333997,-4.400119338857256,-3.789994687168274
-26.614051941333997,-4.400119338857256,-3.789994687168274
-26.60484735062252,-4.4075978065760415,-3.7810457636512336
-26.597653076616822,-4.41958970631258,-3.765361805221942
-26.588915482452062,-4.45551821898235,-3.72328564436016
-26.579879150846793,-4.483442828887407,-3.701447442253503
-26.57222322631742,-4.4825960912821605,-3.7006560129248047
-26.569248408094687,-4.511802359373138,-3.6813047868169053
-26.548579592182165,-4.5417544984328275,-3.6669641590630317
-26.526824049056813,-4.568833500616495,-3.6602488644281124
-26.512814462026547,-4.61777242227063,-3.648715061996018
-26.498559330130693,-4.612679008033675,-3.6537411450057222
-26.486848824864833,-4.644435009176787,-3.642932392646822
-26.476304335560144,-4.636400199699782,-3.6441034587353887
-26.465720034209518,-4.643473582376211,-3.640310997150056
-26.458286318450266,-4.66214879492711,-3.6408407314999094
-26.452096228479117,-4.649744982315709,-3.6383689955689187
-26.449969829156803,-4.657963852548549,-3.656179418375284
-26.445366675379393,-4.643650492591711,-3.652585681085755
-26.44349927419481,-4.642218947599941,-3.6656461039810964
-26.440828064705613,-4.631382927991977,-3.6753465986512484
-26.43202001772567,-4.612951713499692,-3.6828040582499693
-26.43202001772567,-4.612951713499692,-3.6828040582499693
-26.42974975675343,-4.607712559405554,-3.7113714905246074
-26.41982490527482,-4.593481041185886,-3.7081360253462035
-26.416172754511045,-4.58708539586781,-3.7067902658873004
-26.41384554924263,-4.581070943700651,-3.70577909514324
-26.41026683704049,-4.573415519335943,-3.7197251222889225
-26.407885421172125,-4.561654195705938,-3.7328876977899452
-26.41170538135564,-4.562283293276291,-3.7598271579091183
-26.40938515259492,-4.55301473155491,-3.7590435841664505
-26.413877232994917,-4.556947467148102,-3.7684555179941097
-26.42006567612136,-4.559965754179447,-3.776008540203381
-26.427418464759956,-4.561628341712226,-3.779482781560075
-26.442618116292103,-4.567857298029877,-3.7864422256274506
-26.440809556562364,-4.5628706919759505,-3.787059309923978
-26.4556816885476,-4.571439852104172,-3.793681883558186
-26.459812095295145,-4.5730693544126115,-3.79760485780436
-26.465231398802608,-4.578804224527312,-3.798781566607351
-26.464337171599812,-4.577236137485972,-3.800807637720809
-26.473108541547457,-4.583181385546791,-3.79504763203227
-26.480293597732423,-4.578870592808325,-3.7857395794175384
-26.47790141496229,-4.577969543976099,-3.7864602381969723
-26.48754757245066,-4.57372580720182,-3.7864930906423417
-26.49174535360428,-4.57168652716126,-3.787910215941367
-26.49683807918227,-4.564973580122351,-3.7880801056761526
-26.49621734607428,-4.558757563197476,-3.7871586619556936
-26.490418173865713,-4.552224830988725,-3.7748643595326143
-26.486144635011023,-4.54569512615306,-3.7664767925681755
-26.482976841446014,-4.539149164074223,-3.760132258267104
-26.482373208049776,-4.538485677273483,-3.7631898027487294
-26.477606892093917,-4.530670674938843,-3.7565357376323933
-26.471381927337838,-4.516325782718728,-3.746484944462213
-26.459444009282155,-4.509471808692306,-3.7456283567077677
-26.455031184682216,-4.509857594857151,-3.746032221675227
-26.449803536895004,-4.502392380618524,-3.745999031835624
-26.443972547285107,-4.496045680418847,-3.7478210615619316
-26.431797310909467,-4.487820063134144,-3.7487998293936564
-26.424019253222763,-4.490136013124677,-3.7419010244010695
-26.422103025253225,-4.492336654276357,-3.742920181338654
-26.41210313802402,-4.495469416804564,-3.7342716430220677
-26.40553028849035,-4.498404757226127,-3.7208629706892045
-26.392657420772025,-4.501190825715962,-3.69533208672397
-26.378778575388413,-4.503101118006998,-3.6822231532037684
-26.378778575388413,-4.503101118006998,-3.6822231532037684
-26.370059992618437,-4.505521859494979,-3.6677210677351506
-26.36687007380376,-4.509105971847131,-3.6415356628905107
-26.35899193875549,-4.505261128303005,-3.6443218501961985
-26.3649411884693,-4.517404499340279,-3.6224783347322926
-26.358555727232122,-4.514981940843748,-3.6272593888183615
-26.347795216503126,-4.514136406672406,-3.631010769888885
-26.3495942506094,-4.518387921173017,-3.6223571014908744
-26.348800893502418,-4.5162652782480155,-3.6212224743283086
-26.352442683435658,-4.510577977581563,-3.62459226688395
-26.35125652265052,-4.506369894666412,-3.629167071935793
-26.347418608928194,-4.504046886813852,-3.634155402271157
-26.345433288183823,-4.502065789118793,-3.638404160298177
-26.34194050132071,-4.4910413991222295,-3.6497825134598982
-26.338564684640517,-4.480320876458476,-3.6636683574182687
-26.33521280772027,-4.478755143962734,-3.670882244760962
-26.32714636752625,-4.477730375201876,-3.6732286407295
-26.33075593672775,-4.480284701837307,-3.675761932937634
-26.324580522733612,-4.479053547704337,-3.6792645777228383
-26.32546777470987,-4.478244034802499,-3.678143997724163
-26.32292752538157,-4.475805645644996,-3.675029840857732
-26.32229597095758,-4.472832570103362,-3.6682423379111073
-26.322004194895513,-4.470145497333224,-3.661366840760555
-26.31760402614699,-4.4697895929609945,-3.663164462345014
-26.320187383319475,-4.469094738731922,-3.6550723895894826
-26.32178534153758,-4.469111202853104,-3.6504578348470584
-26.321926246077478,-4.469707637009011,-3.641033437993158
-26.31980774684985,-4.469713007587773,-3.641738340863943
-26.315930966925038,-4.463807794169535,-3.6407521877728484
-26.310673774075976,-4.457340504242512,-3.6411058058278485
-26.303923117246708,-4.451541960692791,-3.6407529245388752
-26.303923117246708,-4.451541960692791,-3.6407529245388752
-26.28974889895252,-4.447321853589424,-3.6409867547561428
-26.281132839794235,-4.4436022793917775,-3.643241547876974
-26.27542563413377,-4.44278954162639,-3.645719295593852
-26.265331849739766,-4.44193891249046,-3.6510280997623425
-26.256699678361446,-4.441640680269655,-3.654390137049167
-26.25213289723392,-4.439803361765081,-3.65824234315513
-26.25136683614195,-4.439805113378043,-3.6570163949150567
-26.248266136464046,-4.446048097959939,-3.648117662384289
-26.240928148399213,-4.440313718595461,-3.63994771638653
-26.2365585523652,-4.43249378478,-3.638286706019522
-26.23039907283923,-4.425770781318037,-3.6386755536707605
-26.225186607507236,-4.42651349461458,-3.639035734919375
-26.218285632160086,-4.416696129076419,-3.6453087043186683
-26.205288426006618,-4.4136910955718465,-3.662479130342115
-26.204840759975372,-4.4137682027148095,-3.664934334812406
-26.19823287800393,-4.4121523157242395,-3.673337569414694
-26.19974331596961,-4.411079299845619,-3.6730512676447997
-26.194816576494933,-4.4066321552342185,-3.6791585555768784
-26.1942629677443,-4.395785651449409,-3.6816162623073194
-26.182418517342658,-4.388187454807069,-3.6865856206149
-26.18153732212006,-4.37904191048363,-3.6867285731670854
-26.180435077755266,-4.372069753962085,-3.6861600538668475
-26.182865678853883,-4.370641373744078,-3.680627944440101
-26.184943138975942,-4.371819479279948,-3.6747686337549585
-26.187550691153646,-4.375399852460696,-3.667200243921291
-26.187071188088815,-4.381624896607109,-3.6622666775849413
-26.1862960728039,-4.375836215572939,-3.6630010522322243
-26.18460221574784,-4.3836529722558675,-3.6560614775312517
-26.18246885482314,-4.383001588893965,-3.655309695802571
-26.18246885482314,-4.383001588893965,-3.655309695802571
-26.180736487931345,-4.381714186726692,-3.658235055003973
-26.180736487931345,-4.381714186726692,-3.658235055003973
-26.18217624012323,-4.379685965409827,-3.6609622976661926
-26.173715484954013,-4.389929112328266,-3.6668025480183006
-26.169168912796696,-4.3990409572815174,-3.66995572523957
-26.16648726556876,-4.413195657033203,-3.676832765992365
-26.169436766786376,-4.432221102678364,-3.6829676908750772
-26.181431565207173,-4.440440643647465,-3.686790016512299
-26.187972918407908,-4.437264411840865,-3.6848731776631194
-26.192304742056713,-4.430471816213646,-3.6801728727646807
-26.19682452849166,-4.424139295399675,-3.673665677028685
-26.20217292974441,-4.415499160287787,-3.6720134689639545
-26.207577037645923,-4.395275739593768,-3.670554346088626
-26.209351815568798,-4.385099493549841,-3.6742716492135172
-26.212120387401747,-4.3728344121201115,-3.6774975935125727
-26.21254051372059,-4.360417164741566,-3.6815424749407457
-26.20875701901035,-4.360290819692766,-3.682845017905101
-26.20570628953151,-4.36201095929541,-3.6855731724448666
-26.21917408318938,-4.336747847283989,-3.6908380190159056
-26.226858052126865,-4.3296503756925135,-3.6947020299971003
-26.233833557662035,-4.320797256639728,-3.6925598911591746
-26.242211800928107,-4.31338409110257,-3.69067759115978
-26.247536331041086,-4.3078811215686414,-3.690743929017999
-26.25182356051633,-4.299757852870743,-3.693419174645639
-26.250779841954166,-4.300514444672112,-3.6957783807821607
-26.25729148964682,-4.285481313705036,-3.699748960258001
-26.254295266172587,-4.28613070639387,-3.7023370571238594
-26.25073411466902,-4.287337800898265,-3.7040089770505156
-26.253367095045586,-4.277023990666652,-3.7089235316777684
-26.245268730553068,-4.274096733652927,-3.7095654799182554
-26.24519291036675,-4.26792177492351,-3.7060545409634655
-26.24659438296671,-4.259129771768469,-3.703196016295727
-26.247951034520682,-4.249905324518733,-3.6956684331292537
-26.24279424936419,-4.242289085610872,-3.6891248918776545
-26.25240249970517,-4.200894603110204,-3.6588185304239125
-26.24957304577412,-4.199148333950617,-3.6580335792305676
-26.249419527168225,-4.170105023465728,-3.6440635908022934
-26.247626986264482,-4.137764976124227,-3.6325866943650595
-26.249102173681777,-4.108209042564972,-3.622142683927752
-26.24641954138494,-4.07549995266161,-3.6156241912193274
-26.245894651166353,-4.029119948541587,-3.608816549458357
-26.24396455988907,-4.013290643059009,-3.6094999536528674
-26.23922603118347,-3.9975024425474173,-3.6195770795331392
-26.234971600986885,-3.984478448560246,-3.626623667036089
-26.22565041327163,-3.9613926183559256,-3.63647096442157
-26.215343917561178,-3.9546239239444114,-3.643261335186848
-26.20362997661122,-3.956169870233551,-3.651235513445008
-26.19474444403139,-3.962009369367446,-3.6593488773293874
-26.18882992425438,-3.9660295703409383,-3.6633742026388223
-26.174873817643597,-3.982343807298729,-3.673674930899068
-26.17405033991322,-3.9806200808345507,-3.6795278163345357
-26.164830790838806,-3.9971476212204413,-3.690464374506321
-26.165760267696502,-3.9961298805585392,-3.6909345280332233
-26.161472439916253,-4.010304149357409,-3.692531018016221
-26.15545988321343,-4.0287241512452185,-3.6910120068242045
-26.15420781270622,-4.0263063267254084,-3.691219521315339
-26.1261145362258,-4.048245706101977,-3.6912920090025665
-26.104019573847783,-4.062655090828338,-3.702758346789529
-26.091045579600557,-4.070450031988721,-3.704983040015711
-26.084431637906853,-4.0745600675789415,-3.705354036165094
-26.08285940868541,-4.082132165450707,-3.704715123772905
-26.084231247832378,-4.085664909731007,-3.702370551837719
-26.08702362033652,-4.077517962249877,-3.6984375413906863
-26.09407502429586,-4.070696183360001,-3.7010022618413947
-26.09622606341763,-4.06567523262073,-3.6960850210765073
-26.109551023120172,-4.0642616563301095,-3.721534112068149
-26.111523280307036,-4.061594187183627,-3.718783794228314
-26.11903417996851,-4.054972453493785,-3.7391211022319397
-26.127899156776223,-4.043570888139817,-3.7620639812258103
-26.151222503430763,-4.02043401286541,-3.8048794105590997
-26.15109313152148,-4.017951194006604,-3.8040363297998545
-26.179350384548805,-3.9996351628457356,-3.8281477540345987
-26.179350384548805,-3.9996351628457356,-3.8281477540345987
-26.195390210100026,-3.9881523414986004,-3.8408651035715327
-26.212259260687446,-3.9780809249367484,-3.8465573064955656
-26.22963099716731,-3.968737305215951,-3.850622232707045
-26.263969426376242,-3.9493728377994697,-3.857676620650271
-26.26194499249514,-3.950998708960789,-3.8580352828495577
-26.277396905306983,-3.9434444466706253,-3.86005047513549
-26.29017535868367,-3.9362445732964493,-3.861715662687526
-26.307408539567383,-3.918181690191199,-3.8534582509537016
-26.312335740436147,-3.906527466961984,-3.843051887202389
-26.310859512044523,-3.9098538686165467,-3.8405067065109173
-26.318156074470096,-3.8864132013785517,-3.819619921357239
-26.318156074470096,-3.8864132013785517,-3.819619921357239
-26.31841697397692,-3.8802942738207515,-3.8118251663067078
-26.316986835627674,-3.867241667684145,-3.8022131531596006
-26.316986835627674,-3.867241667684145,-3.8022131531596006
-26.31258324343785,-3.850215976273626,-3.803787783255767
-26.313421134604315,-3.8401731570472535,-3.8078428969629923
-26.313421134604315,-3.8401731570472535,-3.8078428969629923
-26.315653021308954,-3.8292404386241268,-3.8102745796740614
-26.31261500036391,-3.8073329011623103,-3.8093279434604312
-26.314762892958782,-3.799273299158361,-3.8066183851832665
-26.328466245579005,-3.795547148752398,-3.80409381421843
-26.31800097016711,-3.780696582734764,-3.7981475681028596
-26.324880879491584,-3.7792715094836264,-3.7963627389702115
-26.320033661436568,-3.774136574133058,-3.795024330745155
-26.320459992791136,-3.7712756506727603,-3.792746066844737
-26.323731491917066,-3.7687119929653923,-3.7933213537038326
-26.32084295009831,-3.7655761192907824,-3.7990210958646555
-26.319187725254565,-3.762186392682591,-3.806745994832388
-26.318503303850985,-3.758189105526972,-3.8164297115165122
-26.31434779000315,-3.753160655226576,-3.826462837423937
-26.315926309007924,-3.745864724908387,-3.837274166171896
-26.31854663793405,-3.7422730034196072,-3.8525589529127595
-26.3231322370596,-3.744940033434233,-3.860518547352649
-26.325030714312415,-3.7451710903687547,-3.863115639506945
-26.324511803741807,-3.749457227694369,-3.866333259163241
-26.326122534962174,-3.750022436218297,-3.867803724231082
-26.325927192426377,-3.7535364600669374,-3.8694153473903254
-26.329467659551238,-3.7559405649493303,-3.875420355456903
-26.33014547958414,-3.7561803106324656,-3.873168738542757
-26.336443068663083,-3.760120822953498,-3.8793353289428167
-26.34294739688548,-3.7558932241800633,-3.8792674302467764
-26.346494018002797,-3.758427874163479,-3.882868375767223
-26.35519383826769,-3.7672690510692095,-3.8888308835425103
-26.370854630818016,-3.7685801828199654,-3.8950047566749784
-26.375419749533783,-3.7646522025751183,-3.8998934118729216
-26.391329287174855,-3.767222306850249,-3.9090799657555397
-26.397042471636052,-3.7602615847541476,-3.9171765334543247
-26.405667283350326,-3.753771579316912,-3.9305778476530646
-26.41466894339623,-3.745612018834251,-3.944705522027583
-26.42146651023273,-3.7179653542960485,-3.9651784728569313
-26.424208668053712,-3.706812459375414,-3.970394820910006
-26.432214751769227,-3.714122431294448,-3.9731359791959058
-26.42454074294424,-3.6853290435907518,-3.977412574785901
-26.429547046695966,-3.688470598762935,-3.978515274336696
-26.43439652817188,-3.682390352079042,-3.980492010748996
-26.433934868872903,-3.6722777265919633,-3.9806682779816005
-26.42032285415222,-3.6553021016190783,-3.9783939431918762
-26.432487171095644,-3.662214783605091,-3.9768674155408537
-26.419432325009897,-3.643679049926358,-3.9745525564509334
-26.426283000114417,-3.6459214373646445,-3.9732765809275588
-26.440276817165543,-3.6509405741194105,-3.9717984655584164
-26.446421930957136,-3.6523237249451532,-3.972272800845994
-26.44151931847661,-3.6417605613752446,-3.9731904467524406
-26.442056063761722,-3.627115768874739,-3.9739436774661883
-26.450861927754293,-3.623224308535436,-3.97367644535413
-26.44627190497976,-3.613711712550043,-3.9742356546533006
-26.44627190497976,-3.613711712550043,-3.9742356546533006
-26.454565888344362,-3.6076255227677,-3.9764780788944214
-26.455843685768464,-3.60211590677578,-3.97946093287461
-26.456820470972318,-3.5965872054515384,-3.9817428223971936
-26.462198330956433,-3.590488138270978,-3.981801027227689
-26.458348708059578,-3.585861689860021,-3.9841690307844138
-26.45354004049346,-3.584100004836539,-3.9857499203320113
-26.456477720411456,-3.5792658707012714,-3.985666669376453
-26.460025436041306,-3.576947293549086,-3.986687968560537
-26.458982694163925,-3.569591586416849,-3.9926444411008775
-26.458982694163925,-3.569591586416849,-3.9926444411008775
-26.456564708610394,-3.5637665602945154,-3.999375746210801
-26.451642168768206,-3.56289473830053,-4.0038726308359465
-26.450190686794752,-3.5580192991264212,-4.019100100799623
-26.45288032879877,-3.555775338236259,-4.026325532920895
-26.456061910276258,-3.5559921637982215,-4.0307969472954355
-26.459119293181782,-3.5599368787537062,-4.033022673558628
-26.464544217438736,-3.571154436564554,-4.027409250211604
-26.468931264813726,-3.5745936671918006,-4.019860608651691
-26.472376011045952,-3.5783489233714225,-4.012800024373133
-26.472034850333134,-3.5832969984442657,-4.008526271259436
-26.47195742192855,-3.5863986180629293,-4.004992268077147
-26.46766393997592,-3.5867515144352122,-4.00603581164486
-26.46852033047305,-3.5877989988373975,-4.006347707414457
-26.47059499705938,-3.5936962584805894,-4.015981497212465
-26.466733511549617,-3.5914615054151575,-4.017842684825376
-26.468791923366027,-3.5939599910797044,-4.026329608191918
-26.468870589835767,-3.5982550010611867,-4.033875680766441
-26.469626827243754,-3.5984221162742087,-4.039730359903811
-26.46999312155658,-3.5954615515573876,-4.042704693162309
-26.467874693947667,-3.5851373951587426,-4.043071006936595
-26.46713062687064,-3.5779339069002334,-4.042000073945477
-26.464738327767577,-3.577292824876715,-4.042052211636017
-26.467703479237667,-3.564269473573185,-4.0403897069989245
-26.470566165058756,-3.5607824017048912,-4.041004185729385
-26.471044135108144,-3.562546008436,-4.0404115623798775
-26.47582280615113,-3.5546763818926856,-4.05260259870536
-26.476575174480242,-3.557630538857411,-4.052550403705169
-26.479561377110123,-3.5630853222282464,-4.05602472479562
-26.479561377110123,-3.5630853222282464,-4.05602472479562
-26.484930838043525,-3.5686729625625064,-4.05728696934402
-26.49637637599988,-3.5724187057799695,-4.056010707291421
-26.503965800819504,-3.572583404947323,-4.052980428263525
-26.51213856592272,-3.571760757377033,-4.049503345970048
-26.52003931514379,-3.571561843736804,-4.047092063813713
-26.52311438923646,-3.5743119531613288,-4.048989221637487
-26.536217283025888,-3.5750561149141777,-4.04782343772195
-26.541181142174246,-3.5760422961396445,-4.047260489381652
-26.54438963031083,-3.5757591502304016,-4.045694403724038
-26.54506548146703,-3.5717711740428904,-4.0432948273160365
-26.542126525053,-3.5708667376765266,-4.042569367032279
-26.539762746034143,-3.5727467449843506,-4.0416874690060505
-26.525956177246123,-3.5734613500953607,-4.042549364642152
-26.520447944282882,-3.572716467790317,-4.040724098683493
-26.519087338464914,-3.5718649320601736,-4.040371442562016
-26.521914209832605,-3.5687440465604223,-4.036337851353801
-26.524896050633387,-3.567435409283717,-4.034032184239628
-26.527852467617294,-3.5620718029353835,-4.032334155302435
-26.532644441577755,-3.5593145800639827,-4.027511845774103
-26.53526404696107,-3.555855902635189,-4.023974759264271
-26.531896930671945,-3.5603085849240093,-4.015016065213093
-26.535488134479092,-3.557543296787086,-4.01440028670049
-26.533329587810712,-3.5579025393922854,-4.007445257923957
-26.528946936109133,-3.55546872891736,-4.003220132538512
-26.52263673557476,-3.548562634117921,-4.002506596932321
-26.50960205026799,-3.534664425138209,-4.01064012143278
-26.50462637352058,-3.52919504192585,-4.020596282213462
-26.503228967971282,-3.5248871308660297,-4.033634408246428
-26.503571074504727,-3.5218883390735094,-4.04496067595476
-26.50518105613881,-3.522823063466673,-4.054242590779465
-26.51025599923117,-3.5192943207136658,-4.061458042450448
-26.5113334038258,-3.521443184110953,-4.068611347312226
-26.5099686796593,-3.5303141418788746,-4.074877524053836
-26.511342541451643,-3.5274634364285413,-4.076409717963147
-26.508941223875752,-3.5271766408758785,-4.0774112487770005
-26.511039648853096,-3.533510326503729,-4.071272619988188
-26.510395694658474,-3.5404647889518412,-4.068359011331402
-26.509613457985296,-3.5434949144753034,-4.067235972541903
-26.509613457985296,-3.5434949144753034,-4.067235972541903
-26.51114341408346,-3.5515708356757125,-4.064629378032776
-26.51114341408346,-3.5515708356757125,-4.064629378032776
-26.5081324181706,-3.5498043463069835,-4.067563456540517
-26.50713153585663,-3.5475323939712067,-4.07217193866485
-26.503474363622132,-3.5437418143057537,-4.080006214947558
-26.500671112543074,-3.5403630897316343,-4.08264069587723
-26.502438040467727,-3.532231896462315,-4.087570998829493
-26.500035223649192,-3.5318334704288765,-4.087996938116399
-26.4999245958809,-3.5252793600091406,-4.08385096932771
-26.491958754100903,-3.5259961364504564,-4.0836824599254635
-26.487747826856054,-3.5253302746805306,-4.066586903267518
-26.48263659738613,-3.526312076025187,-4.064709070077921
-26.48509801925654,-3.5204762404855656,-4.047357357268689
-26.478193294687436,-3.5201797208992627,-4.038144906672115
-26.475426405400103,-3.52083789066308,-4.037797375850746
-26.470891787745988,-3.5244673897419787,-4.022558215433515
-26.470891787745988,-3.5244673897419787,-4.022558215433515
-26.467687191335752,-3.524573265616977,-4.022840394731199
-26.457824985874577,-3.5345745184718154,-4.015160284876483
-26.446453866997402,-3.5464492433381447,-4.014077591518765
-26.4449898416342,-3.5451279234220707,-4.01376110342799
-26.430818514229422,-3.5538860701179535,-4.0113528860649605
-26.4239335012119,-3.5571090920262467,-4.008296390806545
-26.410187822940475,-3.56224611042131,-4.008117985181179
-26.401900272446028,-3.561042451652409,-4.010792059717898
-26.4022311305735,-3.5577237518983797,-4.010921052893549
-26.401983472082193,-3.5546868981908943,-4.009860614247993
-26.39279060892058,-3.5512208703453005,-4.020051068050234
-26.388521446297386,-3.5516590640635752,-4.02353907749918
-26.383532402824184,-3.5542873569580924,-4.024655280862992
-26.37772853265575,-3.5570707060638775,-4.0299058262593395
-26.377450309863512,-3.551488724060081,-4.029208438298554
-26.377017622730875,-3.546305122797632,-4.028049962648434
-26.377779926108502,-3.534051894364798,-4.026113849068006
-26.378664946910796,-3.5292922048598157,-4.0254501819427935
-26.378132004542067,-3.53289272515491,-4.027424081173578
-26.37655201976009,-3.5301323733049568,-4.026209985200579
-26.376723498298045,-3.535061525779475,-4.02718445899502
-26.369747543426193,-3.5379102340589417,-4.024885321196032
-26.370172532472772,-3.5556890586216525,-4.016228268939206
-26.363809521764768,-3.5491861560728926,-4.013787571621773
-26.366594695600423,-3.5761745720954212,-3.998762899708027
-26.369880969205415,-3.586341520203499,-3.9891834285458843
-26.374315287867248,-3.5975058638701385,-3.9745816451583464
-26.37629017155062,-3.6054800267394773,-3.9630906492946787
-26.377710863763124,-3.6097833826066434,-3.954983381455594
-26.378477222940187,-3.6148128487334836,-3.94798104687129
-26.369703334042317,-3.606436347517896,-3.9512711476798166
-26.371312276520282,-3.604503953519682,-3.9597202287817717
-26.367108952477913,-3.6034498541868683,-3.970627270125851
-26.368187184500258,-3.602660905972415,-3.9840312187869897
-26.358500503587237,-3.6025587454311476,-3.984713036463575
-26.356205590867972,-3.599476661474607,-4.006793956565531
-26.352579920162846,-3.595003264471663,-4.013834748214726
-26.35161719550518,-3.579859436674594,-4.014711859778541
-26.348109586998024,-3.573054407716446,-4.010186761645397
-26.343687927643064,-3.568292184580103,-4.002066147147478
-26.338706311197594,-3.5639630357006102,-3.9916129815491925
-26.32863498683333,-3.5597517140798836,-3.9777916028673714
-26.317489723357074,-3.5621726377188168,-3.96428627909269
-26.31202243787831,-3.5592092995167626,-3.9592193329863137
-26.29509600625113,-3.5685059951301157,-3.9488170321366427
-26.28869937573543,-3.569627945814963,-3.949063270297423
-26.285611656207404,-3.5703186957467103,-3.950416903347756
-26.262418893609496,-3.5845989223166295,-3.9407630491933068
-26.254423792822212,-3.586732054604892,-3.937524349677907
-26.25013749002346,-3.5893319547901816,-3.933992950872539
-26.244040796354398,-3.591803211966703,-3.9382656367102227
-26.24249561080399,-3.5937738773138865,-3.9400489100632514
-26.24201281406581,-3.594621801825451,-3.943727292256298
-26.242530808810603,-3.5908330677065456,-3.9599094760251
-26.241255017922985,-3.5922171367368736,-3.966760434172273
-26.242826371278817,-3.5925210624748463,-3.9646990473871995
-26.229623113074705,-3.5843868335204037,-3.9788650071365512
-26.223279297239692,-3.5805439207742604,-3.982644559279909
-26.220941919294322,-3.5817512479690032,-3.980889393072856
-26.200550893672013,-3.5809551535065367,-3.9861053687618293
-26.19013090943254,-3.581755369859426,-3.9855858370602175
-26.181392702041528,-3.580395865418818,-3.9794524855550324
-26.1784732185158,-3.579244288674516,-3.9799659454460063
-26.176724882445175,-3.5797030715793525,-3.974957582420644
-26.174198188815698,-3.5735754518858767,-3.9698960752209103
-26.17377708966996,-3.5751000706114895,-3.9636817100298347
-26.173784348411754,-3.5748701462255705,-3.9573505908153725
-26.178726197206352,-3.574546986511824,-3.951445803903055
-26.183863903560326,-3.5684849658733313,-3.9458867758657057
-26.185964694241367,-3.5679830489186317,-3.945934685506083
-26.19121211588423,-3.563577949692233,-3.9448248603845184
-26.19515806525609,-3.5575522220077773,-3.948393529749743
-26.197675862522377,-3.5504226560078984,-3.954239909009349
-26.19645475540354,-3.5420151166635976,-3.9772182390942024
-26.19653472713697,-3.5403263030516468,-3.9788797172655643
-26.193347385780168,-3.5326954039372427,-3.996371507581014
-26.189972757152024,-3.532175076781729,-4.010450325111824
-26.18890108771286,-3.5299781428978423,-4.02241323061294
-26.185301199338664,-3.534616780108226,-4.036104136328947
-26.18526820988777,-3.5375166059562333,-4.03824376676642
-26.18472468306585,-3.5398777800331533,-4.0341615671603215
-26.183799673392365,-3.5365972991932657,-4.034230404417183
-26.183936981643694,-3.5398618527360663,-4.027623804695952
-26.181811118153572,-3.541274143427961,-4.018655432029046
-26.17767420208065,-3.5388272186771306,-4.009211068880321
-26.17649046041108,-3.5432024297563434,-3.9943745161864417
-26.177271169272274,-3.545400946859309,-3.988943293226659
-26.17497145841865,-3.54406162537085,-3.989019174111497
-26.17651266435322,-3.5452421086404184,-3.9861071269437307
-26.177468425080843,-3.5473971561824564,-3.985646168163881
-26.17682329898037,-3.546995201543795,-3.987090872677999
-26.17836835461603,-3.551266500627196,-3.986267085638194
-26.184888572358638,-3.5595817062407216,-3.986105571743481
-26.18260044745023,-3.5596610084661435,-3.9877830439034283
-26.18495547573154,-3.563414200496692,-3.987153693596786
-26.176499622540145,-3.5677525271508053,-3.9852177158874658
-26.16545445499907,-3.5697949543109355,-3.984086333641337
-26.15739839632657,-3.5754984796967695,-3.9713496128997807
-26.1465596254313,-3.574589630473044,-3.974644866851857
-26.140982778644332,-3.5776890789617513,-3.9615360725884514
-26.136109049763682,-3.5755871104107797,-3.963200437092144
-26.127502156632037,-3.571996811280658,-3.9606574220001023
-26.12435466738746,-3.5711390990029646,-3.958991201136663
-26.130723965603895,-3.572045452128521,-3.959521424927853
-26.1245308925323,-3.566881491274394,-3.9597828023391775
-26.13350606350275,-3.569124162709166,-3.9610944048768078
-26.12926169959288,-3.565459564668722,-3.959517016924018
-26.131293661767835,-3.562113372386712,-3.9595350388075015
-26.133639409802527,-3.549791068209892,-3.9552139492299148
-26.12799144130079,-3.547943889832782,-3.9568818973159905
-26.13376567192432,-3.5365244764908605,-3.9455449614187534
-26.126381687798354,-3.533753153442669,-3.9495229877169833
-26.1409028586513,-3.5305584897749913,-3.944823991565322
-26.158865222815074,-3.533673383453299,-3.9454353912345086
-26.18543144378437,-3.5415496392146246,-3.9459305530413333
-26.190448213191857,-3.542235495066406,-3.9451700065730813
-26.22905781995932,-3.5710555968161812,-3.94004874536268
-26.242268020224035,-3.583750540123017,-3.9339202633195103
-26.26026269892482,-3.5997843237765896,-3.917602066320208
-26.26026269892482,-3.5997843237765896,-3.917602066320208
-26.26506194090943,-3.602492787661147,-3.9090154998613014
-26.269477115571675,-3.600990105955397,-3.899668843233056
-26.28454805304823,-3.6089393072158655,-3.8859604294450754
-26.28328698953973,-3.606883263506406,-3.8880904113998547
-26.290291488212013,-3.6090466719407734,-3.8847348269531525
-26.29539040136115,-3.6113164157577744,-3.881366207665102
-26.288857815115303,-3.6101365200179756,-3.8813428741027862
-26.288857815115303,-3.6101365200179756,-3.8813428741027862
-26.292660924715616,-3.607851509823685,-3.881433964438838
-26.294441740685485,-3.606580683253696,-3.879989342479528
-26.294387918898593,-3.595963549435627,-3.8864428798322512
-26.29630372087397,-3.587430751084244,-3.8911529951706116
-26.302043545950255,-3.586029091569496,-3.8904623703919863
-26.30744129161885,-3.57661982162541,-3.8942838931731125
-26.31341130473296,-3.558925902946351,-3.900920064242483
-26.31328424134685,-3.550971335708188,-3.9037055779516243
-26.311894212559622,-3.5401992302242795,-3.9067626491982894
-26.308084488447395,-3.540914082924653,-3.9059466099049587
-26.305112452414388,-3.5348538007792065,-3.9089927581919937
-26.3019774377791,-3.5330483615556605,-3.9136127785718666
-26.298400627122717,-3.5355268696052033,-3.919357414900979
-26.302328858644792,-3.5398216477577846,-3.9229276500336048
-26.306748739371265,-3.5426008232807877,-3.91839143817139
-26.309031799494964,-3.5458166612981086,-3.91412054111407
-26.311166817215785,-3.549333090018493,-3.9067461751453294
-26.312650819346977,-3.551202813654845,-3.898092886972555
-26.312178988451926,-3.5493857659678887,-3.8897196456748344
-26.312178988451926,-3.5493857659678887,-3.8897196456748344
-26.312748761798687,-3.5508054294132374,-3.878917095775387
-26.315020863798445,-3.5518883175661133,-3.8689613619945025
-26.313867134685236,-3.5523592666222834,-3.8592538567523627
-26.312740873242394,-3.550741152768389,-3.8565293230863724
-26.301893424188922,-3.547429228639435,-3.854259287460426
-26.29412216122441,-3.5484216387462664,-3.8575573474935356
-26.28799292965941,-3.548776327905267,-3.8586567998499297
-26.284354103654234,-3.5472541567888425,-3.8583035281047406
-26.280426273383203,-3.5478353453372455,-3.861839700176756
-26.280426273383203,-3.5478353453372455,-3.861839700176756
-26.276965226683913,-3.5487974666580917,-3.8667535189436775
-26.272742641558434,-3.5468708436662997,-3.8723573033492653
-26.26942937210709,-3.541981066354899,-3.8758678206799813
-26.26539480097234,-3.5354744781689678,-3.8790896451331
-26.264865381283947,-3.5369549565937275,-3.880000803425428
-26.25922323060462,-3.535493016456927,-3.8803738920544073
-26.248006295972854,-3.532770306682131,-3.8804988617168372
-26.243387508747357,-3.534045201575921,-3.8808415057080214
-26.230993090577776,-3.531858792574739,-3.875793158087454
-26.22396437783582,-3.5295861285337473,-3.871576248731448
-26.221174235204266,-3.5312954365529516,-3.871991792363851
-26.21913108054019,-3.5327513746353443,-3.8742808667238635
-26.213499933289082,-3.5278245544629994,-3.8705366827204344
-26.20746311984052,-3.5224376206510257,-3.8626012114878474
-26.20651685647739,-3.5194810033086865,-3.862380795930588
-26.20651685647739,-3.5194810033086865,-3.862380795930588
-26.204909245426784,-3.5119456493410177,-3.8564733557906496
-26.20447504169006,-3.505632148387421,-3.85621489499476
-26.204298886046477,-3.498478615977311,-3.854810390068367
-26.204294644629208,-3.497679329191322,-3.8545383225524614
-26.199715398231266,-3.490235131730814,-3.858745251108495
-26.19465944216598,-3.4855633046476737,-3.8665959380533685
-26.190191661267306,-3.4833675689575117,-3.872011663938221
-26.18275262479612,-3.4814116581296304,-3.8774940813448255
-26.173975492715165,-3.477114203286654,-3.8844515720662995
-26.17042213306185,-3.475049320845759,-3.884695960230707
-26.15940229223323,-3.4664674552710726,-3.894660283606617
-26.155463135150065,-3.46437383788632,-3.8970989662323983
-26.150968004639754,-3.464447111493927,-3.8987789365079792
-26.14361146735453,-3.4654007909952904,-3.897352306338228
-26.138758780099764,-3.4639617804805387,-3.898259463963285
-26.129938961372815,-3.4657178645417055,-3.899402307752342
-26.114562044578634,-3.464215844515574,-3.900385549474848
-26.106295615007483,-3.4621890764609087,-3.9058606008285115
-26.099113168141432,-3.458417519254598,-3.91124569715359
-26.100132126169264,-3.4588868285126995,-3.9114048124442116
-26.08911083384312,-3.4481196620984664,-3.925788457352182
-26.08911083384312,-3.4481196620984664,-3.925788457352182
-26.079464233915086,-3.443668363794633,-3.936622771273809
-26.08088542469371,-3.445923605763051,-3.934551234837085
-26.08088542469371,-3.445923605763051,-3.934551234837085
-26.07474354559147,-3.441602306541289,-3.9359010294208026
-26.075686249377267,-3.442001295381002,-3.9287909470793236
-26.078352003672453,-3.4421862572545163,-3.922033781381381
-26.08294579316334,-3.4400925170856462,-3.9087485839316694
