-31.677578873322076,-2.0040210832579897,-5.9035348127833895
-31.71664630437031,-2.0058268321687605,-5.892767372366559
-31.713136407945367,-2.0045123442207533,-5.892833265512014
-31.732457559702087,-2.0079807423640363,-5.888305049917284
-31.745807513801736,-2.012516083779934,-5.885221170263309
-31.77044051323712,-2.0222796410072656,-5.885802764707587
-31.762906111260328,-2.025289339681305,-5.887249955130624
-31.78205083397744,-2.027589690706795,-5.893544071034847
-31.77921379291012,-2.0287172028123863,-5.903468583261301
-31.770065175324778,-2.035101987917782,-5.907620666430698
-31.782335875763014,-2.022171473463996,-5.911923273933043
-31.773703462018005,-2.0125426640980644,-5.926694618639609
-31.779575225028374,-1.9947051746139859,-5.926109995740576
-31.780621390524022,-1.9629933609085397,-5.915069464452946
-31.778671232874938,-1.962115804924496,-5.918278209406497
-31.786722013464658,-1.9421599362555244,-5.906297987246237
-31.79530435519973,-1.9269960396513255,-5.890485207494552
-31.795295690894363,-1.9232988803778108,-5.893848105858695
-31.802213458710746,-1.905571683513569,-5.888436881797401
-31.80107642313742,-1.9043838909899136,-5.893535812665688
-31.808439741794682,-1.8869304377962608,-5.885037090696758
-31.815201550968236,-1.8753188353546681,-5.878268604337157
-31.816694020065977,-1.8665839237401098,-5.8715219562243
-31.81870814927474,-1.859764445655347,-5.866874661041266
-31.818207819898333,-1.8522225564041692,-5.863580275186959
-31.814346881384132,-1.8377331752349302,-5.862322471452514
-31.811991750687508,-1.8382699434490677,-5.863216036996172
-31.809757426911517,-1.8398364117155015,-5.86426122527507
-31.808204753235145,-1.840348105643538,-5.865473144599292
-31.80168544736606,-1.8292661471932328,-5.872482746937373
-31.781683361753768,-1.8113593402350983,-5.876386284339452
-31.781579205772747,-1.814210877943058,-5.881010596778507
-31.77277684284538,-1.8076530024967827,-5.887872993056215
-31.774008311547725,-1.8081534964994086,-5.891853791550663
-31.756260722105175,-1.790871971077642,-5.912511464616007
-31.758880310556314,-1.7877968363045673,-5.927197354750289
-31.76898873880199,-1.7875785087180487,-5.945065729247057
-31.769698107097863,-1.7862568006531367,-5.948543702366548
-31.780387177634218,-1.7907283689620461,-5.944357716044957
-31.786847300900096,-1.7913802964566286,-5.938308916698263
-31.79510249946113,-1.795429205275856,-5.915642673194431
-31.800161858584893,-1.7986581450687391,-5.911204764054642
-31.80068899918749,-1.8001502775188638,-5.914563045830766
-31.799636832340237,-1.8018195416272738,-5.887336524841867
-31.792829197800142,-1.8005405066337488,-5.872203614247981
-31.79467028342994,-1.8042326672115256,-5.87235503507072
-31.778618772127064,-1.7918249978244554,-5.846357713597151
-31.76964397886387,-1.779436903289234,-5.840494364288482
-31.76860042404325,-1.7748680453939742,-5.837382844383577
-31.76398842070352,-1.7500043108998395,-5.845906209428776
-31.76601237977692,-1.7372785775164108,-5.85377789819306
-31.768263996369654,-1.7409975106871791,-5.854087854627582
-31.774970452506594,-1.729317446532922,-5.86855848983747
-31.776896575767214,-1.720725551553917,-5.874546305859366
-31.77727007291058,-1.7240508509257815,-5.873898058214847
-31.78089811407901,-1.7113556549776403,-5.884227466711426
-31.78727216318175,-1.71448190822467,-5.8795519397227896
-31.790723255996504,-1.7056717623259336,-5.881991248806498
-31.785339961298913,-1.7029543999979275,-5.875276057141325
-31.785339961298913,-1.7029543999979275,-5.875276057141325
-31.7816698389207,-1.7050752906544167,-5.862217004289429
-31.77963945413408,-1.7035947053529945,-5.860202568287059
-31.764700869114016,-1.718262203287766,-5.833952505508147
-31.758176567833257,-1.7271798576319999,-5.820859369145793
-31.75249105769993,-1.7357374988389669,-5.809973762165672
-31.742950725522178,-1.7682789204758849,-5.7868594259484
-31.74393365407528,-1.76513369543801,-5.788630050748446
-31.735968250089886,-1.7844148512547633,-5.7808107082855775
-31.74248599137932,-1.7789609652833853,-5.78192584712415
-31.72650373824524,-1.8123008691992344,-5.762022147105315
-31.70554322438658,-1.83973634432017,-5.736901282511965
-31.694272014849787,-1.8533314550053974,-5.719927211640435
-31.68312288824775,-1.8693023981523427,-5.701326383097153
-31.65946583857608,-1.901709134953427,-5.666106898039132
-31.659961067234622,-1.899947863454698,-5.668437493298847
-31.645093514433654,-1.9277276409846673,-5.641632647119442
-31.645515140583665,-1.9252487006582029,-5.644048420195858
-31.643741486512987,-1.927492321450686,-5.638040847382961
-31.645351912235554,-1.9240288449088614,-5.64056087963347
-31.652939306201116,-1.9031653031054157,-5.661495434442282
-31.665062562230805,-1.8849338821533026,-5.689587852354481
-31.680749529595307,-1.8695004281428045,-5.721274003892109
-31.715682470319727,-1.834478173712823,-5.79410790678927
-31.715682470319727,-1.834478173712823,-5.79410790678927
-31.73950493059611,-1.8190704436571254,-5.815978641974194
-31.7441291224336,-1.8196501103561424,-5.813016910796017
-31.767160222768112,-1.7936776514311852,-5.827751631470284
-31.776935849289114,-1.7835991798491952,-5.817966061510825
-31.785137644490135,-1.7777843547485934,-5.800069426762923
-31.794996635436956,-1.7741785253933833,-5.780916540731704
-31.806005349750265,-1.7690875980350862,-5.765612292900894
-31.827053694618083,-1.7660471947690108,-5.737930015022149
-31.826020210867053,-1.7677685116720863,-5.739812672555481
-31.841096848054054,-1.7647841067080197,-5.733504423906503
-31.857756116099672,-1.76281939001541,-5.731050854587873
-31.876979402364405,-1.7584089089248285,-5.730690929790436
-31.899115911606145,-1.7547098937053955,-5.727267048172104
-31.90591766702065,-1.7553116480694921,-5.725345581887151
-31.929425072270693,-1.7516151214676399,-5.718633087759228
-31.935434232272712,-1.7515340413951,-5.716045220686767
-31.973694826492675,-1.7482880855367608,-5.701253649905964
-31.995146601067166,-1.7458821898285257,-5.692179954886653
-32.01186436800978,-1.7461920757721598,-5.684902904812284
-32.034939127119195,-1.7415815256557283,-5.677020647484422
-32.05263756389118,-1.742563039552539,-5.669627904364343
-32.0878692910503,-1.7431409359270351,-5.659377159538362
-32.088306966035326,-1.7426239664476801,-5.660382800683968
-32.104612734598675,-1.7443641918757624,-5.657641435137885
-32.13408386947714,-1.748701447414323,-5.6563982576999505
-32.13576372596173,-1.7479700779206957,-5.65852336316781
-32.13778935244675,-1.7475242698366806,-5.660053341275055
-32.1545402887808,-1.7560658152306976,-5.66097077505606
-32.15801918346654,-1.759341808139564,-5.663451432470056
-32.15146402041471,-1.7545401681775086,-5.669118806739326
-32.14274079084055,-1.7481502800667001,-5.675971395094253
-32.152233325195546,-1.743976612691179,-5.678221434603654
-32.137364360565634,-1.717629417116906,-5.703652430974893
-32.13369179697474,-1.7046041681314814,-5.718085804822936
-32.13241169752274,-1.6939388149774903,-5.729035241311942
-32.134796493018484,-1.6875450447962392,-5.737817892060139
-32.13881020255257,-1.685596654838233,-5.7374873647482865
-32.1383945681207,-1.6795053446352866,-5.743529917438488
-32.14018046325643,-1.6686385667610093,-5.7492463978792685
-32.137762853579474,-1.6474263554088175,-5.7563940644773375
-32.14228182042695,-1.6481679221348378,-5.756193528481585
-32.1481342484525,-1.6469818189854215,-5.7539840099277075
-32.15322081291621,-1.649291662422591,-5.748756692129045
-32.160057564486195,-1.6540342171015034,-5.745618711956707
-32.164488052977426,-1.659687450050378,-5.736578775574931
-32.17476801914247,-1.6694105976534817,-5.722431179831558
-32.18899286219905,-1.6767129691773235,-5.716037393362509
-32.19107457068393,-1.682327647613336,-5.7097791100438515
-32.19107457068393,-1.682327647613336,-5.7097791100438515
-32.200223730487686,-1.6956670465587533,-5.7033740544379
-32.20349339837244,-1.6976425287147345,-5.701491760488379
-32.208380079738575,-1.7050486702863854,-5.70065795486552
-32.208212123676034,-1.7086915552428248,-5.695964903780971
-32.21176524317266,-1.7210848536895842,-5.680368634054652
-32.21741417196001,-1.7296382649070894,-5.668588091907311
-32.22116458057102,-1.7338687095316454,-5.66479459782818
-32.22325228353728,-1.7359156799145263,-5.661107745622426
-32.226041758368176,-1.7384171043013483,-5.652540610728327
-32.22781735347835,-1.7395698041816177,-5.645052095458351
-32.225155399097915,-1.7359348369911798,-5.642857725834923
-32.22896759400807,-1.7357250924655037,-5.642193936632592
-32.22299961055145,-1.7257995370370127,-5.647817096878091
-32.220040495277516,-1.722860320711797,-5.6497451064300765
-32.21715281462035,-1.721317085912722,-5.653139234279606
-32.212410159367664,-1.7183039762874952,-5.659137870646134
-32.20795414659612,-1.7155162844453506,-5.664761531480535
-32.20092663985191,-1.7089045366070414,-5.670242827266618
-32.20317085224698,-1.7097776344869238,-5.668919237511894
-32.204998970794115,-1.7089800792674712,-5.66666558571423
-32.201585136664505,-1.7038416024413738,-5.672233480736594
-32.20143543737322,-1.6997094970723936,-5.674695743899444
-32.2005316513851,-1.7017728124936904,-5.683708199227993
-32.19894876571663,-1.6999951300043092,-5.682887031382348
-32.19714173368124,-1.7024391634288294,-5.691717776568757
-32.18652796053725,-1.6959090871970723,-5.692598733301253
-32.192672616606316,-1.711437181288974,-5.704224015516207
-32.19606600723009,-1.7187858344436087,-5.7076843126276895
-32.18639955399064,-1.7180922175482176,-5.710469348326281
-32.19982999113419,-1.727088893606716,-5.709018578442556
-32.20112647414178,-1.7284604679212316,-5.707877913790055
-32.20166043334516,-1.7280818977287227,-5.70673491374289
-32.20166043334516,-1.7280818977287227,-5.70673491374289
-32.2097561039356,-1.726535530959542,-5.700076625406127
-32.20583701787648,-1.7205541747784232,-5.701559169413653
-32.21396272786869,-1.7137772403015867,-5.702950544714733
-32.20810501181517,-1.7136049775376767,-5.704795436881277
-32.20296962636876,-1.7117564064363322,-5.707147817652359
-32.205647936588946,-1.7011511791272547,-5.7170680685121855
-32.20950835760518,-1.6947730130786847,-5.7240398120940466
-32.21524627578431,-1.6818967604141002,-5.737931378576118
-32.23054576295748,-1.6403431570036875,-5.7839534785581685
-32.22860397605898,-1.6430736598680138,-5.785736138029005
-32.22860397605898,-1.6430736598680138,-5.785736138029005
-32.25395512703957,-1.5835578979793077,-5.859527555063741
-32.26644325064337,-1.5500304520524626,-5.905165114541932
-32.274412241725585,-1.5184499392580317,-5.945564847299898
-32.29560983163164,-1.4796027499456736,-5.993515260712982
-32.291127962874995,-1.4794577989918742,-5.989173860893097
-32.30700265505755,-1.46970668384991,-6.007434298994647
-32.31034457632998,-1.4609761543131876,-6.016636350844024
-32.30570203252672,-1.4597800142647177,-6.013205936033537
-32.316126703441014,-1.4516102859949083,-6.0360586667863085
-32.314006505020345,-1.45140693299027,-6.037341762914436
-32.31680782720306,-1.453239761995326,-6.036575978190609
-32.319968933214106,-1.4575070190597164,-6.029971404812292
-32.321330242164954,-1.459587779103694,-6.022828024909639
-32.32150994454351,-1.4580785349892142,-6.017327945554605
-32.326215754599616,-1.4527599644555038,-6.016357380868119
-32.333076147381,-1.4461837432464273,-6.0193089013832095
-32.342958968217296,-1.4402190022704202,-6.0298829253571675
-32.345197139487745,-1.4356267048770162,-6.030289084490396
-32.356219324048915,-1.4298477665472835,-6.049111212799618
-32.372672332656684,-1.4284932785883804,-6.094663775253251
-32.37629574666946,-1.4340595307007962,-6.113934610716507
-32.37803372556078,-1.4423882311478946,-6.132079319513259
-32.376171464636975,-1.452528170196323,-6.147210300849745
-32.37126726081207,-1.4586074378048268,-6.161950571213702
-32.364505004978916,-1.4594631985918491,-6.174583071705506
-32.35779715296134,-1.452479194097667,-6.18540517494979
-32.34895360736214,-1.4395553174473035,-6.192852438147643
-32.33875166424927,-1.4226348754848466,-6.196099777548388
-32.340292384555504,-1.419461905214456,-6.19290748572425
-32.32265091111879,-1.3758045630223643,-6.2022925901965
-32.32172441549303,-1.3461712729999515,-6.2061935544246545
-32.32172441549303,-1.3461712729999515,-6.2061935544246545
-32.32043924417129,-1.3234064470342646,-6.210583798911022
-32.31811316921621,-1.2768338337917664,-6.23492662185473
-32.313494731896036,-1.2587377366312131,-6.245782227535693
-32.304096183926326,-1.2457825738863477,-6.2560225876157345
-32.30037683798699,-1.2323275151136952,-6.265279639157933
-32.299384376461404,-1.2352489812258645,-6.2657721195585685
-32.29210423745568,-1.2175534835743775,-6.276884726282013
-32.290540517575145,-1.2095282034410682,-6.277894716202555
-32.28132525377786,-1.2038314856891317,-6.272800304666346
-32.278717225665034,-1.2027680356651933,-6.27220224186543
-32.278031955037775,-1.2068330085611345,-6.274160314307353
-32.28013544574454,-1.2150707544164998,-6.274475439840639
-32.28394315854273,-1.228579708115798,-6.276591435059192
-32.28926746556861,-1.240981769410767,-6.28047892636894
-32.293224683484766,-1.2625289095863954,-6.28498551037461
-32.30330743665626,-1.2758419364427909,-6.286021130528573
-32.31741168752091,-1.2849241854364406,-6.282917931442866
-32.329691654723696,-1.2964801863012658,-6.285156851059179
-32.328530299239574,-1.2974104031683416,-6.286688683925562
-32.34169426213626,-1.3059492579780287,-6.286090799205888
-32.35495446688069,-1.3091861618258411,-6.2872616947969275
-32.36696401209061,-1.3111694590039742,-6.2888944012313175
-32.377469320073686,-1.3147867607811363,-6.292636029933428
-32.38326457521332,-1.3137822425151446,-6.295932991060215
-32.392662771076665,-1.3154969667856968,-6.299669771445782
-32.41254993817887,-1.3175894488504898,-6.302678890804279
-32.4130243568436,-1.308776443736628,-6.307470680293889
-32.41079944012164,-1.307156238262599,-6.307241029524347
-32.4252886266789,-1.3046756228519496,-6.313909371404693
-32.41988489044821,-1.300727080558127,-6.314518687313813
-32.42461166936474,-1.2964770514464226,-6.3204009830323225
-32.43158476536992,-1.2949159396734724,-6.328803298584558
-32.450314007572,-1.2916721086470018,-6.34212371268995
-32.447781851613485,-1.2903280404151,-6.34138444101023
-32.45950511880427,-1.2892531704443164,-6.34531602832517
-32.46729310675809,-1.2876529215370678,-6.3473857880609215
-32.47082059358428,-1.2851272746090554,-6.348873182917474
-32.46799221269615,-1.2801490337481285,-6.351273816797772
-32.46719543253505,-1.267220724102022,-6.355245908335847
-32.469489449679344,-1.2623533525676307,-6.360039592027367
-32.46550314920834,-1.2583139821841083,-6.36546083408568
-32.46139614340927,-1.2541209386427579,-6.372314630261515
-32.45950227347356,-1.2545457871283348,-6.378918652046922
-32.45262032390702,-1.2514049848135709,-6.388819139101047
-32.47137739708845,-1.2538957132839461,-6.390927572029666
-32.47137739708845,-1.2538957132839461,-6.390927572029666
-32.46801002484017,-1.2522660648585346,-6.392735749707739
-32.46377118028989,-1.2508310239564742,-6.394705799532277
-32.46899376602594,-1.2490557425956295,-6.379214926651484
-32.46554997292012,-1.245675344937996,-6.371628399957103
-32.44988560991166,-1.2363738095252947,-6.363353733179035
-32.446539810969,-1.235567677686895,-6.3648313543402075
-32.436291734826426,-1.2315753387454786,-6.361228785148759
-32.42537825490692,-1.2283871033327443,-6.361442758614262
-32.41815219424013,-1.223154622400739,-6.365562491766724
-32.412156004451475,-1.216370701964039,-6.370010198095632
-32.40252171037268,-1.204767627010373,-6.383041167106724
-32.3998601664012,-1.199070812288286,-6.388230435514913
-32.40094508489795,-1.1991614735252987,-6.388894532681677
-32.39692136702714,-1.1958676200401739,-6.3910674476942715
-32.398686645699996,-1.1967621548363454,-6.3893024485487135
-32.39574061560987,-1.194324248430506,-6.3907277767319695
-32.396358700246665,-1.1902373929593608,-6.391002380681279
-32.39688897227474,-1.1841278592558397,-6.394115569442638
-32.39720796821671,-1.1729681224179558,-6.399349126302122
-32.399555737444544,-1.1660197628842202,-6.404461702030772
-32.39915395194654,-1.1690646097147672,-6.402062722342409
-32.39756793527128,-1.1720287874067747,-6.399676961296215
-32.39508356828637,-1.164122773076631,-6.421764358334532
-32.39031292416485,-1.1742700565717803,-6.4395614637017955
-32.38795422628427,-1.1758068284301055,-6.439652065989618
-32.379713974067705,-1.1918057809420377,-6.436085902303997
-32.37838851298246,-1.1934471741787451,-6.43462660452559
-32.36392773108363,-1.201727777657208,-6.4090810844148605
-32.358791381722895,-1.2006283029554325,-6.39217715899017
-32.35337577984586,-1.1978914280291086,-6.377261458077754
-32.34605256770363,-1.2007492131533313,-6.360832243488528
-32.33580787544049,-1.2026855447399694,-6.353762221828654
-32.3430591282184,-1.2014218853000393,-6.347748521840107
-32.32294888574802,-1.2111788773312795,-6.337596572152194
-32.3134116417953,-1.2167271625450307,-6.335583470413302
-32.28877424895857,-1.2305585147785436,-6.332405883290549
-32.29197758909578,-1.231790014115382,-6.332581647262917
-32.280077031494464,-1.2362537833505092,-6.334260629133678
-32.26523306345009,-1.236446434287279,-6.336017279078447
-32.253430080525185,-1.2401632432550889,-6.337697341255645
-32.22209854346235,-1.249088068406307,-6.3395979677816685
-32.22209854346235,-1.249088068406307,-6.3395979677816685
-32.20681714277906,-1.2548081983734116,-6.339191998699101
-32.19417824142401,-1.259078946160634,-6.339991556302781
-32.18577244846366,-1.2620682546589037,-6.337213282792288
-32.17519633744555,-1.2647648747039666,-6.330994760125368
-32.14959539260328,-1.2680914904347445,-6.312707280487296
-32.1444445476761,-1.2729267848290828,-6.294112019978352
-32.1488397085583,-1.2741186672207514,-6.2927117364257805
-32.143379204706086,-1.278960445714823,-6.276622032880262
-32.14202555819656,-1.2852080553614773,-6.25929664428067
-32.14674892651537,-1.2871957345580336,-6.259054058256737
-32.14555846077029,-1.291508271986385,-6.230236437230023
-32.15277687601534,-1.2927460557621098,-6.231346802414327
-32.15464555108967,-1.294889303678231,-6.219551842495121
-32.15804842161026,-1.2944682494295345,-6.2109765077646
-32.160981080300886,-1.2879667350131025,-6.210955808951622
-32.168273905237335,-1.2901226407038813,-6.210956331868016
-32.17548627259384,-1.2866018016583152,-6.22088374635227
-32.18145947661373,-1.2897956467205032,-6.220166218241688
-32.184638102927636,-1.281999950874009,-6.234463815493796
-32.19325119091034,-1.2719782869246383,-6.252618131690957
-32.20293787615696,-1.2612607953944817,-6.2702016450092355
-32.224367999541414,-1.2252234364308703,-6.309570568578441
-32.22805473292223,-1.2269828831275962,-6.30837106884037
-32.259715521813575,-1.1949559642744894,-6.333839379066143
-32.28094804458014,-1.1789907927590344,-6.343191815180271
-32.30184545753968,-1.1643499675402549,-6.348650693764156
-32.329124066799814,-1.1418426416686236,-6.355992625307727
-32.34104163846948,-1.1443858455296392,-6.350051168218962
-32.37066594887827,-1.1229481921188706,-6.3506724405522395
-32.38357298145956,-1.1096671050577804,-6.350649849425837
-32.39257033384629,-1.0977022363498226,-6.352475918038867
-32.40211494006447,-1.0904748707863823,-6.355938696204825
-32.407747583341354,-1.0857627221132815,-6.36319738896561
-32.41177961432633,-1.083202040919692,-6.362544287953777
-32.42188154070656,-1.0794853084152662,-6.37679516127296
-32.42833473248021,-1.0772345080709782,-6.381312168929775
-32.432672794154634,-1.0731213577474772,-6.3837822588034925
-32.43470917675521,-1.069362012752071,-6.385183304621157
-32.437873538748185,-1.068649386391885,-6.382906398753697
-32.437332305671156,-1.0692133208374635,-6.37829304938524
-32.43780236785212,-1.0708399681320868,-6.369558804335428
-32.4385999216476,-1.0776529047624792,-6.353374331149118
-32.44262042851887,-1.0813632585886161,-6.317258163030563
-32.44675676038225,-1.0760990639734263,-6.317087222298301
-32.44848070750456,-1.0841924067026105,-6.284853360929391
-32.44848070750456,-1.0841924067026105,-6.284853360929391
-32.44462052569387,-1.0970270912474755,-6.2560438122795645
-32.45539162666938,-1.088697993180942,-6.262900303705831
-32.45294299044185,-1.0953623346118984,-6.252596996236343
-32.453995979103034,-1.1029245298486983,-6.246387924636641
-32.44681017128144,-1.1151188983456244,-6.246964343750582
-32.44681017128144,-1.1151188983456244,-6.246964343750582
-32.44365523867494,-1.113203963881015,-6.249064568497668
-32.441613624668555,-1.1119063499621178,-6.252135672110172
-32.44448826818473,-1.1086541345748948,-6.252699494680553
-32.44996568650024,-1.1025996824132527,-6.252612712405335
-32.453584516314876,-1.1018434859318795,-6.252208716415078
-32.4563678011348,-1.1023719559613507,-6.25057658986784
-32.46332902431816,-1.0957188154202762,-6.253420688831536
-32.464892710260095,-1.096362874345626,-6.253020684267537
-32.47902069993959,-1.079967101251234,-6.271447321261786
-32.489243089414295,-1.069788504891439,-6.285935238354786
-32.50161340799963,-1.0578075072811344,-6.304412322688066
-32.51748284664066,-1.0236681480246308,-6.347324544101627
-32.52553826129873,-0.9964001020026818,-6.375287865816728
-32.538365650083634,-0.9479706310889224,-6.416641188248872
-32.55000431593467,-0.8821804059505195,-6.46622319944427
-32.5655867874795,-0.7961622479517334,-6.523948117513672
-32.59153333474884,-0.6324304440378771,-6.610707617754803
-32.603200485835494,-0.5712340279417165,-6.630936482933724
-32.62047468935963,-0.5177951409753911,-6.628382709797503
-32.64668419088936,-0.4285812354606217,-6.589909618886802
-32.650579728504226,-0.4268493452092449,-6.5846337912916715
-32.665693642308796,-0.3908463278820721,-6.565814991261734
-32.68980631403191,-0.3566827958347414,-6.541978751791842
-32.71039568049411,-0.3288573391872407,-6.528696919583328
-32.71248413255636,-0.33634916773285656,-6.527151266791601
-32.71405518489229,-0.34476381225273456,-6.527277195900436
-32.7542334918399,-0.30873455811321443,-6.524415712602007
-32.784835752998696,-0.2952331495950609,-6.535361667746568
-32.7957810398221,-0.30371221499374373,-6.545240787156528
-32.80255005843723,-0.3061588781179732,-6.55260303774625
-32.80255005843723,-0.3061588781179732,-6.55260303774625
-32.8145146565329,-0.3196571907576579,-6.561809884109651
-32.82077691936983,-0.3285291523672608,-6.565390965115949
-32.82549977018934,-0.33468329072205905,-6.5691963794155175
-32.83267598194579,-0.3415818971304296,-6.572522482971041
-32.839921345739896,-0.3492365524894572,-6.577806704519019
-32.84468481235821,-0.3570436663525054,-6.580355035769843
-32.84273093023576,-0.3676395269137972,-6.576112468879807
-32.84788235816235,-0.3695777318006302,-6.57712743343122
-32.847069312436275,-0.3758281460712676,-6.572131774511478
-32.84381632580461,-0.38000519663471055,-6.567697538323486
-32.83917722124775,-0.38225489301615273,-6.5639363111275735
-32.83538142381334,-0.38522891789269964,-6.562300672494837
-32.821908533659936,-0.3900273224896764,-6.5560761174101305
-32.818015103880235,-0.3945700753202984,-6.5492207497662465
-32.812581931347985,-0.39799476460308836,-6.5409508000734835
-32.791412763751055,-0.41050864159494893,-6.515767480939237
-32.778231837683194,-0.41730252334069873,-6.498440940779747
-32.76385990889603,-0.427314000001617,-6.481225683755125
-32.76476439702368,-0.4247263243936618,-6.4836961001536695
-32.73658402544808,-0.44117046449850406,-6.455068494417729
-32.72587402864679,-0.4457085676512508,-6.44884008774812
-32.726136987275964,-0.44594358851644056,-6.453029137915745
-32.7144238687704,-0.4498561405159268,-6.45185114181406
-32.70172048463146,-0.45099477800757604,-6.456207174586061
-32.68803937756813,-0.45001853976691475,-6.467747005269697
-32.67281550759428,-0.44404758072531225,-6.483182346283975
-32.64309546434292,-0.434884683056201,-6.513945528796735
-32.643290434886794,-0.43484994425718204,-6.516610779132192
-32.62713411947697,-0.42819353104477653,-6.532201877473768
-32.60182386065394,-0.40758624686933315,-6.555340765624364
-32.595787530140726,-0.4068142963991197,-6.557757956810525
-32.583348186539446,-0.39718341247125843,-6.561771728732891
-32.57115615445377,-0.3860348360590187,-6.560885150730468
-32.55396546997081,-0.36867770255258375,-6.553573395630907
-32.549879566597305,-0.35887824846004035,-6.548619797523512
-32.546586821055456,-0.35771783929152096,-6.54463566739666
-32.542485059079915,-0.3554494771313916,-6.539953709508259
-32.541452100253935,-0.3586369796542287,-6.539613181763582
-32.53583894423666,-0.3473127830714789,-6.536999663742568
-32.53448950154454,-0.3506061072549783,-6.534848570582156
-32.528337998741804,-0.34195772531303453,-6.540232734354227
-32.52688442768594,-0.33928822072933784,-6.541959492223391
-32.52688442768594,-0.33928822072933784,-6.541959492223391
-32.52372782750778,-0.33942447192695463,-6.538824068754033
-32.52061218687206,-0.3359637199124157,-6.54052931323528
-32.515749344918326,-0.32994604043171494,-6.540645246565231
-32.51582908453813,-0.33002698951970055,-6.539052879046351
-32.51477396939931,-0.3307793127080715,-6.536166993489846
-32.508680185513825,-0.3454274792069861,-6.531390989660989
-32.50983101865126,-0.34409600391367706,-6.530321402397339
-32.50430229527,-0.3522431584544379,-6.527680248148975
-32.49581377476831,-0.3669638700596422,-6.524282957189572
-32.49157679534346,-0.3749624509286914,-6.522404752008101
-32.48683195770229,-0.3839732123893367,-6.518126012197957
-32.48730947256593,-0.38951618377099495,-6.516939827386884
-32.485496996380654,-0.3941373676152001,-6.511709986754613
-32.48678453741674,-0.39645734717638376,-6.508651221904461
-32.48831167080181,-0.40011931786314675,-6.505011333183148
-32.490451846691585,-0.4019618279600802,-6.493988238075124
-32.48900392815833,-0.4001402533637945,-6.494626426166873
-32.49141230103057,-0.4005306822260374,-6.490664898404546
-32.48327159573158,-0.3953510893311345,-6.488737254867665
-32.484184619837485,-0.3917100905723446,-6.486214263447654
-32.48205348832625,-0.38346926486952404,-6.489276484392286
-32.48260812081024,-0.3752197438859175,-6.494308687241828
-32.48848394179295,-0.35987670952879575,-6.507522525515493
-32.493383229562035,-0.3376988959829768,-6.529281491322197
-32.493383229562035,-0.3376988959829768,-6.529281491322197
-32.49013251560071,-0.3331127307145453,-6.531420351172948
-32.511661053964716,-0.289874301562122,-6.582012684976611
-32.507639109173674,-0.28476716083467324,-6.583060665556625
-32.52383474367191,-0.24398421886133423,-6.629401144745535
-32.5313612898371,-0.23082440697526552,-6.6468663759051205
-32.52690637524876,-0.2098518956941542,-6.660478958488346
-32.52638574370151,-0.19484098271808248,-6.672722009058084
-32.52482721341811,-0.18618860609724172,-6.681711840567157
-32.52310054387638,-0.18527198543659165,-6.683200915041739
-32.52219904576338,-0.17885648618352704,-6.691292256718074
-32.522047009885284,-0.17203814610400264,-6.69792134075907
-32.51887336626007,-0.1684412277381301,-6.700462890369094
-32.51436446278075,-0.16526570474203364,-6.699886308826589
-32.5157577080474,-0.164280467170958,-6.7012412535251045
-32.50711606041358,-0.1647570492816728,-6.690090492341917
-32.50309919883055,-0.17065299230588352,-6.681400646114652
-32.49232508258257,-0.19049567155403152,-6.660815988930945
-32.48914284746498,-0.2031419552009909,-6.649495227921736
-32.49098157515901,-0.20548244844272462,-6.650677578651314
-32.47617689086536,-0.21363262591781554,-6.621006641516712
-32.47641815692203,-0.2153503234414923,-6.618053499813132
-32.46705210249848,-0.21340378635698853,-6.598852500022367
-32.43837880051047,-0.20531865218922327,-6.569078287093167
-32.41616338568295,-0.20531007555719777,-6.560522426531367
-32.41700135467301,-0.20644006923628044,-6.560953950192265
-32.41924158658267,-0.20926169323485985,-6.564744361131685
-32.365504925189065,-0.21273350335876157,-6.558438409225591
-32.311047032519,-0.206447646592069,-6.563553180974124
-32.31197802109574,-0.20710020761680928,-6.563881937019476
-32.27994300637386,-0.2005669151294077,-6.563174587152993
-32.2175176195153,-0.18719185689115023,-6.55183056967758
-32.21873087952571,-0.18693064278466784,-6.549465425287941
-32.19433633062841,-0.17942875620564486,-6.538252458737443
-32.14338649218727,-0.1664614207256468,-6.525154181354439
-32.11821867918223,-0.15838066480116453,-6.526047673207876
-32.10268839765252,-0.15486137860198337,-6.525787996540028
-32.091392725058576,-0.15395758646182994,-6.52877932059885
-32.07321363834495,-0.14284656220886333,-6.547751215502642
-32.081927610045575,-0.15386687464598292,-6.546479205753335
-32.07539087980113,-0.1508136145499045,-6.557165806332605
-32.07911337265024,-0.15476165033940162,-6.556222795072283
-32.065018521174885,-0.13471155247333405,-6.590518987410691
-32.06280999427152,-0.11820428813704907,-6.617377283390862
-32.06870673121175,-0.12169277496872839,-6.616954940808367
-32.06945949781738,-0.07840029107434363,-6.688398066964485
-32.076738981049004,-0.06559518482081891,-6.721713155558557
-32.088109360749215,-0.0553864961972379,-6.751711971465222
-32.1061966503237,-0.034782903532839984,-6.7984718135262145
-32.1014596057771,-0.037299678811566636,-6.794702712933267
-32.09896369477516,-0.03826173810243632,-6.7921238077264485
-32.096702254100855,-0.039328616306575824,-6.790550460407067
-32.107896024425095,-0.0167560707461933,-6.810720475879203
-32.1138199057263,-0.007636328432794073,-6.815289999419139
-32.12111889666298,-0.0004724819533018379,-6.819269681929339
-32.13910422257924,0.018421224730426067,-6.827016755300711
-32.14230028842552,0.024593781294395003,-6.828374183022948
-32.14569110020994,0.03037976033525541,-6.8285893253045895
-32.14483347864856,0.04738789094020433,-6.836687211135561
-32.14487710993418,0.05594313542265988,-6.840746033287462
-32.1467680768804,0.06218392831689373,-6.848676891359851
-32.14616751535502,0.07052305857523494,-6.860181449423937
-32.14361902074307,0.07899284710140647,-6.872936152468144
-32.13910925900073,0.08684130649865247,-6.884233762062554
-32.13333557105627,0.09433497005195891,-6.894357831154565
-32.126744954507224,0.0951352836928507,-6.900094535725754
-32.11897261188503,0.09861367464539739,-6.901963791616197
-32.11263481175063,0.09722843556413946,-6.902230004979798
-32.10905606138262,0.0988100263503315,-6.901051388761526
-32.10784929470382,0.09791471936787335,-6.899337890365676
-32.109207158315726,0.09826084595923622,-6.89595909418811
-32.11537438682244,0.10202263113542843,-6.89140976124943
-32.1227794279972,0.10266513395951528,-6.888909993546674
-32.130392075532534,0.10040598763076806,-6.887954178597641
-32.130948874401625,0.10325487163155546,-6.884882388975702
-32.142011465066325,0.09746882996916104,-6.879494755166517
-32.15046055553741,0.10057597067066168,-6.880928823257176
-32.159928596552575,0.10457079084759123,-6.8849525867132
-32.16867022667347,0.10185800029720335,-6.891475225701406
-32.1688914357466,0.10467394081509562,-6.891094091851624
-32.17102492212617,0.10117064677814955,-6.892337973370449
-32.17207609116622,0.10107856222497869,-6.889404684108192
-32.17061163057614,0.10093862113048604,-6.884950619691091
-32.16781527242066,0.10493621812001769,-6.8854784295216325
-32.16444162556301,0.11231250002810562,-6.889191276246554
-32.163725446661175,0.11858933379171892,-6.897239798638963
-32.14515451193662,0.1229004538842964,-6.898662283592637
-32.134392696878,0.12375971519260019,-6.902410141731793
-32.12829571969849,0.12417902621894356,-6.905822929362909
-32.12574943877411,0.12606490077527363,-6.912153865166004
-32.12725801655421,0.1296256282723297,-6.917447143867235
-32.13070951536562,0.13586128832228087,-6.921423365392687
-32.13295494618569,0.14259995374717008,-6.923495772189217
-32.13186774843255,0.14915565675742615,-6.920566386442993
-32.12799368295151,0.15236258073869255,-6.913870734661174
-32.12138005312625,0.1454254042823841,-6.896432641317242
-32.11248276905233,0.14893083977560165,-6.895175488831162
-32.11292409955879,0.1421356873821503,-6.887022806367106
-32.106611756046114,0.1403773207401169,-6.880312373577003
-32.10508942869283,0.14208819838532039,-6.872427679093419
-32.09942225414947,0.14324440642483316,-6.873418491133477
-32.09186973982857,0.14509349946644734,-6.873946406826541
-32.09044658852966,0.14918719542532236,-6.87174462185997
-32.08798642730497,0.1562092326316597,-6.873505249089106
-32.079238295189725,0.16088667258058312,-6.877447163250963
-32.07604867899106,0.15988535641396873,-6.875974597061627
-32.06725127133855,0.16335413702022467,-6.879392219632585
-32.06725127133855,0.16335413702022467,-6.879392219632585
-32.05699091667245,0.16912508612175212,-6.886432781951854
-32.04909924462174,0.1742696560187399,-6.894590468409662
-32.04259342673516,0.18598997444689933,-6.904024061338892
-32.03600390664104,0.1911269617946853,-6.906761358716488
-32.02707336600902,0.1943359229829788,-6.90747120917791
-32.023846908375155,0.1971431237036933,-6.900378047083402
-32.02212034925104,0.20062818337536617,-6.889574262130909
-32.02423243021578,0.20437006136757102,-6.868537612018969
-32.02405830574337,0.20393194393581646,-6.869454939706086
-32.03118995593422,0.20089999326484134,-6.856975382244612
-32.03413438408045,0.19806100249824163,-6.851997576224414
-32.03338796341042,0.19479133836738205,-6.845620445569264
-32.03390609736237,0.19578721376505015,-6.841589255055733
-32.03113971662919,0.19605256556694595,-6.838015737022019
-32.025800120364885,0.19648387338087475,-6.838721475127556
-32.02124624202633,0.19552901492979666,-6.840028601500334
-32.014925205307556,0.19411920169865662,-6.845516663672617
-32.011175624189235,0.19214167567454912,-6.8473798652936395
-32.006923123326786,0.1917108927512743,-6.855049571557427
-32.00130643884906,0.19224406642812994,-6.866724708111903
-31.996595866992074,0.19435301631642316,-6.870579906454348
-31.994111232254248,0.2009544872113799,-6.873628131382659
-31.990572346245404,0.20713504424615345,-6.873940949619724
-31.982529011875652,0.22100077113211994,-6.87493080293839
-31.979803127695103,0.2251774701558512,-6.875517470780984
-31.979345545177786,0.23073634760551343,-6.873600747437923
-31.983531030328535,0.2372820551223215,-6.868406125325903
-31.986139622647542,0.23748374623156798,-6.866518316278458
-31.978949246821873,0.23460537446899307,-6.861482706972893
-31.96248388188094,0.2273007685223859,-6.853819546667828
-31.960863740840978,0.22758678520140405,-6.856262154595017
-31.948427833311623,0.2225848113953507,-6.852034182409653
-31.939266571290847,0.21847003306325782,-6.847267057329818
-31.939266571290847,0.21847003306325782,-6.847267057329818
-31.92287599733378,0.2241338833020106,-6.843946910276975
-31.912676674622485,0.22796241428461914,-6.842966390208671
-31.899804505831387,0.2329615091976081,-6.845526246599499
-31.89114940168911,0.23898351900434733,-6.846287727369809
-31.88175398544427,0.2435323582477376,-6.848082462292255
-31.874503367034837,0.2505148464395229,-6.851618876757598
-31.87346005071096,0.2511070937646709,-6.852784578740317
-31.861149442499624,0.2711720325132957,-6.8469872961084715
-31.848098943505327,0.28329444439878404,-6.842375598801894
-31.82770148581278,0.2969047684860078,-6.834361919552707
-31.804958886157664,0.3176439470521129,-6.823483536129018
-31.776475667484576,0.3417920679531523,-6.816051826734953
-31.773991178667263,0.3415545007027304,-6.818115022089803
-31.729484728962454,0.3955504670284639,-6.798709917460457
-31.715689736994303,0.41881948072634817,-6.79136822770283
-31.70364899307137,0.4371092920677327,-6.786438182468648
-31.690868831062236,0.45201788210868216,-6.783294578850324
-31.689858444371694,0.46520475968901104,-6.7821585507444615
-31.68821716843608,0.47389096034956424,-6.781284749262171
-31.687406722531733,0.47267594983053335,-6.782178097854495
-31.69288726334642,0.48253498886688206,-6.785005894833136
-31.69890282419092,0.48404222122279245,-6.787061842805941
-31.70891128286836,0.481145447728203,-6.787450995706055
-31.72058577277274,0.47881668772421015,-6.786458458103
-31.736370637337874,0.47183616986742477,-6.782154643547967
-31.74392184383209,0.46720490158029293,-6.773970932877843
-31.753143099088316,0.4609215150790498,-6.758381712745813
-31.755076302776825,0.45665128225920176,-6.752586573930669
-31.7563753624966,0.45629374040818965,-6.752364115575146
-31.757522214414276,0.45294858558291473,-6.750339107860349
-31.76282057061865,0.4541382182818987,-6.751500377876449
-31.765510210271067,0.4555944445255991,-6.752338627995454
-31.769437810794933,0.4533326578840642,-6.755720113796847
-31.78066395811061,0.4527048775127745,-6.779846849786871
-31.782224379325314,0.4513261773805004,-6.795408508935486
-31.78124951022803,0.44821998949695074,-6.808629288168364
-31.77879214839635,0.44985509146678254,-6.808227168496776
-31.77573251131618,0.4448042211161169,-6.817027600493897
-31.76696100528845,0.43445733776286066,-6.824173081410618
-31.759755291953553,0.4305725362812339,-6.823757757054305
-31.76159982844223,0.43333347364489255,-6.82561312057161
-31.74564307890532,0.42765318537736324,-6.817019009444214
-31.738910964046354,0.42616239577012166,-6.814924674391216
-31.72296800061211,0.4201455374252583,-6.809847249281662
-31.71122656108921,0.4200356312006538,-6.812202663343164
-31.693500298820403,0.42186869735466054,-6.817571334767016
-31.665880447001246,0.42482807468978573,-6.824423647466627
-31.64376447994424,0.42799103470808936,-6.834186638935875
-31.61903159416316,0.4366319930374998,-6.848322227285096
-31.6170554143574,0.43866116582068254,-6.850496063484542
-31.58074950180235,0.4717800053609002,-6.89354655740888
-31.562202476675427,0.4910358334728435,-6.9166742297701465
-31.562679549271795,0.49394042875510813,-6.91728364717822
-31.53873593532081,0.5110199242166503,-6.934652100095082
-31.51271062580795,0.5283751957583618,-6.9474327086550876
-31.507402931238044,0.5299264502542873,-6.946494591946598
-31.474055559960295,0.5413321300290056,-6.9577367138709985
-31.452050191933058,0.5508828188933864,-6.9679298845104025
-31.427330211882225,0.5567041980080891,-6.978598101720857
-31.40710227320514,0.558909795556165,-6.988350975208306
-31.37948992343405,0.5604907490790167,-6.996167569815232
-31.366737491601423,0.5582618834739304,-6.991531777567373
-31.365262237849844,0.5575706234840073,-6.993144547775953
-31.35364227806364,0.551498386913674,-6.966230286413761
-31.35314654105009,0.5497681008620962,-6.964629910911454
-31.355621302112976,0.5423672994572257,-6.951264691890625
-31.361913730430913,0.5345196531907426,-6.9408830666272845
-31.37329437918479,0.5248163900911927,-6.932238658114214
-31.404219570177677,0.5007773884239816,-6.915098764505102
-31.40593677298396,0.49719883172342944,-6.916517555393264
-31.423331650503656,0.4829716599100986,-6.911450510014523
-31.464988961393594,0.4588728046526658,-6.90242221209207
-31.489027959287476,0.44624997822933626,-6.894060725611417
-31.51266838105311,0.4332281497198172,-6.881269695227993
-31.53201673876144,0.42009330741812656,-6.865964968647725
-31.552268533293358,0.4109402578901893,-6.850571856041661
-31.571503429236373,0.40312727100145035,-6.836011181512332
-31.57301627410609,0.40157534630153596,-6.834634349606377
-31.573436769918548,0.40050589690142063,-6.834822128602334
-31.605851226680727,0.38041203133444546,-6.81110515068481
-31.60206325717241,0.37775018782051767,-6.806900079075525
-31.610912133692466,0.3687771340156242,-6.79860556507652
-31.625767981852597,0.35777971809344766,-6.7893307755931005
-31.628256864214787,0.35655381702669975,-6.781293155608596
-31.62895787189257,0.35712720575544254,-6.773831109050477
-31.632707174884867,0.3551990462929239,-6.771253848725575
-31.626857197719293,0.35342600478181224,-6.767633399714851
-31.619683610504634,0.3535007511306847,-6.764562892039291
-31.61613471761611,0.34977265806812996,-6.762315915076552
-31.60941777178572,0.3435432239702522,-6.759108415131311
-31.610417695682614,0.34086687255389914,-6.760013721010614
-31.61185385822082,0.3316686205652602,-6.761810589489316
-31.618786979259887,0.3245424574479088,-6.7626480684926085
-31.6229398384128,0.3121765227511683,-6.758301940373522
-31.633597263577443,0.2920263589847828,-6.749630536824578
-31.638001587228814,0.29242005391448195,-6.749377424440078
-31.647467927509133,0.2874289165709659,-6.749640847675621
-31.65542518421258,0.2783054593453484,-6.752695632433078
-31.662045376884418,0.2794835804389645,-6.754059743682162
-31.662183127627056,0.2802068876822096,-6.755165861162257
-31.662196866264622,0.2817562555534516,-6.7555882606594295
-31.66342901297805,0.2781208941135161,-6.755245577747875
-31.66391216351599,0.2858436102277936,-6.756629319648129
-31.661771655318404,0.2921313175262097,-6.756782412050284
-31.66066701416678,0.3039460036010613,-6.753335529523775
-31.66066701416678,0.3039460036010613,-6.753335529523775
-31.659869577289484,0.3230118986736415,-6.749070248185627
-31.65249462625967,0.35560868098310794,-6.749653706398054
-31.65379263449394,0.38133230985177596,-6.75623990666879
-31.653839742527314,0.4251302300804647,-6.770105158570975
-31.65426522071875,0.4274690570611519,-6.771549591039479
-31.653166023389332,0.44835182210577035,-6.780285908837462
-31.649283602884882,0.48040571967725654,-6.794115500789755
-31.644391718451654,0.4941235435547215,-6.793529615544167
-31.644780394620003,0.4917343002482107,-6.80034391121611
-31.638647823957385,0.5035453725305753,-6.797421313574897
-31.6330788847709,0.514514247024375,-6.802383898882784
-31.623310558460037,0.5342310253880829,-6.802659841494048
-31.62189248329706,0.544495864193301,-6.808082018561469
-31.623378117741936,0.5497700729551794,-6.811767903778402
-31.62672365004351,0.5551168337466519,-6.815849489359616
-31.62969089591835,0.5572129335068541,-6.819521743313335
-31.628668810335096,0.5583030733497465,-6.820410848569598
-31.62715281952307,0.5618352659695034,-6.820869289787293
-31.63813898300712,0.5581520385732445,-6.8202580853795585
-31.646357349412188,0.555057688224312,-6.817197005768808
-31.64942304511278,0.5535901418748636,-6.814973347471889
-31.670729473989027,0.5391710866154313,-6.807747416758416
-31.670729473989027,0.5391710866154313,-6.807747416758416
-31.676433255959214,0.5379576164145297,-6.807946933426062
-31.6878891309208,0.5362321032476023,-6.806783651321606
-31.698498174291093,0.5290400939267292,-6.787411780718088
-31.713616731157117,0.5194192234135712,-6.774018301047665
-31.73152996294766,0.5163196864258027,-6.759484504673453
-31.73882939353002,0.5176264824853569,-6.759111593409453
-31.747144475053055,0.5151043167640587,-6.758519963877205
-31.758188038519588,0.5125112996150436,-6.758961508407977
-31.768549588910382,0.5107787760114673,-6.760518772512611
-31.789463721474426,0.5088950366487438,-6.762971950101583
-31.792459173999656,0.5084634705865989,-6.762243321046132
-31.810342478157324,0.5130982239982775,-6.768428327122801
-31.812265922995675,0.5118039960539262,-6.768556912926368
-31.818643232916635,0.5141173161328235,-6.771052607570672
-31.83221661759554,0.5153639276919545,-6.780285769828115
-31.83758624063283,0.5162776452529747,-6.786767195699071
-31.844178593578352,0.5188621230919415,-6.794504803040118
-31.851901407508812,0.5235132571319849,-6.802257528384661
-31.857302153579646,0.5249286306721503,-6.801480413597559
-31.865396917671692,0.5294842005013661,-6.810362147136089
-31.87316644862599,0.5329025569891341,-6.817601303097817
-31.87741709519043,0.5340825712984845,-6.8223510670027006
-31.877388366535982,0.5319897895530004,-6.824235623509539
-31.87326609817921,0.5309910480874857,-6.827050887236717
-31.872172235038377,0.5310182255891076,-6.828300746798645
-31.870988941712895,0.5305092913985727,-6.833614200943015
-31.872752306471142,0.5272574708838546,-6.844815453658024
-31.880643542006112,0.5151712081749961,-6.8652956477082325
-31.88820352378547,0.5056308829762186,-6.869929595394752
-31.892955354919884,0.4989874851824557,-6.868155292583996
-31.89664284955191,0.4896671523063329,-6.863277280089453
-31.900619227102144,0.48349639579232356,-6.855958379527604
-31.908844318301142,0.4767044544234202,-6.853135816432189
-31.920694677698794,0.4690253310835376,-6.850659272844001
-31.931081626862973,0.46330390234072016,-6.844365814414654
-31.94597281260541,0.45622575806699645,-6.841428058523305
-31.963140576547488,0.44561546328573926,-6.841579557707761
-31.97962521448675,0.4358235143667285,-6.840451604684521
-31.99303915285825,0.427883003787531,-6.83364719932605
-32.006148769236134,0.426364170847284,-6.832043747895953
-32.018050513986665,0.427678326922196,-6.833065646693929
-32.02737234815319,0.42828662334715656,-6.834099716197896
-32.03765600224172,0.4321313561629431,-6.83962468958631
-32.03631955108063,0.43799825483221944,-6.841034061531672
-32.03501201605301,0.44159147069357374,-6.842322099836113
-32.058951117056154,0.44814854792489517,-6.876914875997699
-32.060379787468406,0.4530090201961785,-6.888565196733163
-32.060087846266065,0.4570034445004334,-6.896903295140509
-32.05747851443627,0.46318532341637747,-6.900407754205858
-32.05070479701393,0.46500721937768924,-6.9009484562453896
-32.047719761768654,0.47011425335551965,-6.905576448317672
-32.04229579554144,0.470731127615875,-6.906542443616407
-32.03513866567906,0.46695347839044465,-6.913504090631092
-32.03168987994588,0.4679305570864721,-6.915053059282927
-32.024111480816906,0.465690212880532,-6.918136092153784
-32.0219298512513,0.46971402342980817,-6.9188243753065555
-32.018616992345976,0.47420773981504905,-6.916407748324512
-32.018017354396854,0.4798190087605376,-6.915661059933936
-32.01799653756416,0.48212559828711965,-6.911987217713062
-32.017782054005515,0.48011469479388874,-6.9032613599080035
-32.01849639594746,0.48193086310261374,-6.903944721918358
-32.02171098469758,0.47915186440524554,-6.903596156168008
-32.026103840945204,0.4687980460252232,-6.904363702399068
-32.02614705044471,0.468650262163506,-6.90618528395227
-32.02622495436545,0.4605847424599479,-6.910918373404696
-32.031480728069745,0.43892433521569846,-6.917477423534698
-32.035531858899944,0.42954292872651584,-6.919945754961613
-32.03166673722559,0.42827152142059927,-6.921303149174467
-32.02875597133932,0.4284663001651933,-6.923042994850274
-32.03091827765525,0.4195544973567617,-6.9263832954597895
-32.03466736314708,0.409386792648718,-6.927241379288812
-32.03429076691798,0.40879505861084803,-6.9292538916200845
-32.033032923616894,0.4096918495437625,-6.931382819659546
-32.03309529624189,0.41516357160642015,-6.9333013611679135
-32.029211977142175,0.4227266364253936,-6.9366416566933
-32.02765286860065,0.4295304797371566,-6.935427944948073
-32.02765286860065,0.4295304797371566,-6.935427944948073
-32.02092804441736,0.4489286377312206,-6.93848956825195
-32.01762896133945,0.46279381491952976,-6.9389370176707255
-32.025802503861065,0.46708145566461534,-6.941222777735615
-32.026653972469006,0.4732334247153758,-6.942420781041564
-32.03175551131143,0.4829567736659361,-6.939413294555083
-32.0399501288718,0.4906931689342839,-6.939367576526595
-32.049148864385714,0.49800398130891327,-6.9431134584497265
-32.05659546455761,0.501933330139977,-6.942436412671463
-32.05659546455761,0.501933330139977,-6.942436412671463
-32.06283583077216,0.5081838012213005,-6.942439061082886
-32.067261091954414,0.5106076260399791,-6.942437393709306
-32.06848868766159,0.5148043732735432,-6.941304712362181
-32.069307411442075,0.5186537438209144,-6.940550269042905
-32.07133752455012,0.5252688897074096,-6.939756178162717
-32.06822603004196,0.5261805192084298,-6.939390149370966
-32.06918050541752,0.5340905444188851,-6.940481741814274
-32.068866661124,0.5401931305146637,-6.943223913744554
-32.07110566501855,0.5423400297289324,-6.948137695921967
-32.0664066944516,0.5424302780730281,-6.947440406668983
-32.06504107541131,0.5378426757613933,-6.946642264307508
-32.06504107541131,0.5378426757613933,-6.946642264307508
-32.05941763723286,0.5369839519842601,-6.944018907037744
-32.05179257863139,0.5365230940849133,-6.936916796700673
-32.045243705469176,0.5352878420081458,-6.9304870159749274
-32.04369696573253,0.5385095921150608,-6.93124171957421
-32.03820688038565,0.5400531971827854,-6.924932659229205
-32.03101681023533,0.5406665058091369,-6.9160707912287345
-32.026074855297914,0.5461249342006209,-6.914649012079837
-32.02443294300379,0.5438085210703354,-6.899782218845654
-32.01507108285693,0.552919340304956,-6.8964869075384065
-32.01051257549962,0.5545336916305734,-6.888191025871548
-32.00749977788294,0.5601305329587246,-6.88791474152373
-32.00378557152941,0.56004966971363,-6.882582527124762
-32.00222006721384,0.5593584096182906,-6.88103515315923
-32.00158458196561,0.5498968899085258,-6.882555763565741
-32.00106488694943,0.5466738304510623,-6.887617173127511
-32.00117411030836,0.5439322955068037,-6.892818861975612
-31.999314892183605,0.5295222753539879,-6.898134566451933
-31.99480134326795,0.5258123650973197,-6.898682283996138
-31.99480134326795,0.5258123650973197,-6.898682283996138
-31.98772830072182,0.5110525651319537,-6.9002915303293095
-31.97141865850619,0.5081836772955164,-6.90636633407695
-31.955801132836942,0.494264182554155,-6.918952756385475
-31.94739833496168,0.49031257113068477,-6.922827071573508
-31.941697306953163,0.48983133532184814,-6.926313107170091
-31.937690835835774,0.49162149921603854,-6.926129443322212
-31.93259582239071,0.49097998363447093,-6.921794890615764
-31.923042702816904,0.49446615365732444,-6.916379737729566
-31.918064106441463,0.49652116826137155,-6.911652586119431
-31.909626399525703,0.5021760073114826,-6.905153344258987
-31.905379562973824,0.5005345819173318,-6.9028697794445915
-31.906065254894244,0.5052776624157725,-6.905950090623691
-31.901227302400873,0.5031001613369316,-6.906733777208622
-31.901106731866395,0.5017821183600092,-6.909825892592466
-31.90074409551729,0.4975391079686192,-6.909387948766479
-31.902248767556248,0.49807325979038636,-6.908347160155361
-31.90262891259173,0.49651515956466813,-6.905435708729278
-31.90406845628767,0.49707541367162456,-6.901474168383048
-31.9028856864807,0.49527976069978064,-6.900824461992035
-31.902541168886334,0.49922911844113294,-6.89731293199767
-31.902150363690655,0.5011239843931568,-6.893058322940987
-31.905727558563235,0.5176982602859086,-6.892340338182063
-31.905345761326664,0.5153458673072208,-6.892225979161567
-31.903452466045312,0.5431596417464869,-6.877898678038447
-31.901647385870362,0.5413022547174698,-6.8770120321133446
-31.899122675000356,0.5625076297145664,-6.846805639625417
-31.89881488686512,0.5679627617221066,-6.834697777240143
-31.90381799926189,0.5638220253809932,-6.818858465832025
-31.900799544325146,0.5643875726324173,-6.819875930862121
-31.905329995994823,0.5610390649736455,-6.817243609142883
-31.908625096775456,0.5595883974458687,-6.823193561402111
-31.91746340900261,0.5587889606669567,-6.829430356559205
-31.933472927247553,0.5619137478440743,-6.838565082031271
-31.936483937445193,0.5623349253607907,-6.8383105929831665
-31.946357875079613,0.5653661341129607,-6.838620996460271
-31.953952504772808,0.5639300932463659,-6.833278092882392
-31.96028131653747,0.5655598062131197,-6.828303104223027
-31.964804434002065,0.5662379099964346,-6.821490159832411
-31.967730136902755,0.5666907409342642,-6.813910414677945
-31.968098622915942,0.5669035087813313,-6.809764748368835
-31.966759460276396,0.5664670892817216,-6.808669459857841
-31.965781272960907,0.5655479924215976,-6.8109821803240145
-31.965188635878476,0.5620671313161931,-6.814218134023431
-31.959732374739957,0.5593908116554139,-6.820474164843517
-31.95773929149795,0.5556290312649133,-6.825088737484883
-31.953823023149425,0.5504489919461341,-6.8283951604537645
-31.949833847744305,0.5457926338015926,-6.8299399283638325
-31.944076878585136,0.534850025710825,-6.828154999301106
-31.944076878585136,0.534850025710825,-6.828154999301106
-31.93667325724616,0.5338258506724044,-6.830362780865933
-31.93492303226563,0.5288581973658665,-6.8289237164019
-31.928034661168958,0.5271335256165883,-6.827538515733423
-31.916720829971933,0.5311238457458554,-6.828086866570185
-31.905776511083573,0.5377496338432741,-6.833330194452517
-31.900459072712625,0.5465386269524825,-6.837331611610679
-31.890759258612427,0.5551699624896592,-6.844016358057008
-31.882301558630072,0.5640540560247739,-6.850161770805043
-31.866276329709308,0.5864009018517028,-6.867621064310269
-31.864569476829246,0.5873312512673515,-6.87070546279986
-31.856638256150365,0.597805695539637,-6.883496124861668
-31.847400507733777,0.6080511527405316,-6.894868224352884
-31.84106919088158,0.6143402665989007,-6.902405190582319
-31.842785178518096,0.6137681614337868,-6.904176121882165
-31.84072651335084,0.6149180289212355,-6.908160097890303
-31.827772492224778,0.6188463133696245,-6.904610249984156
-31.82317338048259,0.6164517856541539,-6.898463850539259
-31.82066445057451,0.6156802090362102,-6.890811262877048
-31.8257683927089,0.6109278991607102,-6.889870847033718
-31.83062084001448,0.6062426643042769,-6.887364418038482
-31.820612234549046,0.6012641994842612,-6.871885015510067
-31.81755808047963,0.5957447968081604,-6.8629683267333315
-31.81425893680785,0.5856670320166141,-6.852742876476201
-31.810698229978367,0.5738865725977651,-6.84138615634891
-31.806598094732735,0.5621510338257306,-6.830752993461093
-31.81197081354679,0.5575558970448556,-6.829603110318802
-31.807232613860847,0.5479993118136094,-6.820262602684147
-31.793119935243862,0.5326232845525818,-6.8004865298901525
-31.786343340621908,0.5265509808826715,-6.791076437381932
-31.790432829559585,0.523218715796879,-6.789251985681427
-31.784149213156958,0.5185880937230156,-6.776854267185792
-31.779018254330477,0.5175620207574669,-6.766687092559399
-31.754743294321162,0.5161895367417699,-6.754387493799186
-31.76167906671148,0.5132308175937855,-6.751498049030343
-31.75172173991164,0.5101590176765678,-6.745314692749575
-31.716423137466922,0.5105141853299194,-6.743925445151514
-31.720964562904907,0.5080226701181235,-6.741652247139385
-31.70417835843464,0.5092847897645123,-6.74169259097987
-31.70750282313664,0.5075539719752332,-6.739267674846267
-31.690300391822788,0.508959761819917,-6.737513819604287
-31.67686882274217,0.514116703486671,-6.738741698102082
-31.655692396279843,0.5274998764327589,-6.745750726337066
-31.643911607850704,0.5306782330908445,-6.749962264497741
-31.644274161702068,0.5302224995210792,-6.750300137869873
-31.649955716621427,0.5315285851394471,-6.750365590245663
-31.657628847499126,0.5334661352737058,-6.748410351931134
-31.667200670114614,0.5342118624594379,-6.744785584328938
-31.679945903692296,0.533723827972993,-6.737660115354237
-31.696385020169366,0.5451050893394651,-6.747294032868818
-31.708341316752144,0.5444388314933858,-6.749296381225103
-31.71695974788092,0.5415710832097176,-6.749947474185977
-31.71599023908546,0.5342723282331302,-6.746445327651076
-31.73150708403584,0.5246757050878855,-6.73799751743511
-31.745506829643542,0.5174670363067468,-6.720508925670404
-31.7474492888722,0.5137982129950031,-6.719170315776832
-31.755563212384512,0.5092321734801086,-6.7098066603111
-31.764583934949354,0.5066665147239132,-6.701874207494523
-31.780102631285075,0.4941050927735158,-6.683469308799844
-31.78160192767012,0.48904674383961977,-6.680967889944593
-31.788363999411168,0.4808813441685277,-6.674786005826761
-31.79853560079929,0.47528319739071484,-6.667157475894105
-31.802674302917854,0.469957059717641,-6.6700244461611735
-31.812452386526022,0.46798946024512555,-6.671593776495181
-31.832069332594134,0.47037896753202624,-6.674511687327426
-31.8457650671982,0.4719264914449879,-6.677307689035955
-31.859648755249463,0.47390617932170426,-6.679273470368764
-31.869914069424755,0.4785916226189183,-6.681238644167817
-31.879622825337638,0.4787449599039126,-6.682783151152429
-31.902832383208242,0.485388487965282,-6.694605936275715
-31.90670767630285,0.48565005941326583,-6.694385404595564
-31.909486850423892,0.4869078443301254,-6.695138551115246
-31.92544219417756,0.49975194023974995,-6.716569514634317
-31.930103667241898,0.5059986473056454,-6.724337969211307
-31.933069904343494,0.515330781553784,-6.73009697778626
-31.93499414203665,0.5255929163916362,-6.748924080218838
-31.92911823662174,0.5297817395487238,-6.750691934210099
-31.925613064183526,0.5273099342125084,-6.757204930835153
-31.917740837062368,0.5194319099880752,-6.761181961456108
-31.91623104146424,0.5217904155203575,-6.761482663342585
-31.907681072432368,0.517350291439287,-6.755719295428422
-31.90447304970093,0.5215715419799997,-6.746042494933606
-31.902481633486612,0.5207895235687477,-6.736412132808767
-31.90372909591839,0.5211586947179406,-6.731039108878046
-31.913238983495727,0.5089052040880923,-6.725904346200758
-31.91633333965999,0.5149016256584977,-6.726960033507554
-31.92062273818574,0.5052905689030381,-6.72577403727541
-31.926968060067313,0.5140652826038465,-6.729373865586789
-31.933364164095927,0.4870250711150016,-6.7213704874387945
-31.935851090856136,0.47752341992875946,-6.722173393721175
-31.937961423657978,0.4710456946425376,-6.727426562197735
-31.935702033763853,0.46445682558831686,-6.73241769046924
-31.941308072110026,0.46453469873039527,-6.7470237677937845
-31.94855476801717,0.46827991313382455,-6.750042012254601
-31.947306191345536,0.4660256616946603,-6.758069573763271
-31.952912946191873,0.46842303713126576,-6.768387711138537
-31.954432972550176,0.47002401703773733,-6.774221832635867
-31.954235086629684,0.4718820962628031,-6.778414691397907
-31.94806821353159,0.4751542081502757,-6.774090577156811
-31.949434402104753,0.475603574801942,-6.775427177566927
-31.951630574605705,0.47643544846912156,-6.776795202563203
-31.952012646163283,0.48599145929155624,-6.76667987481506
-31.959472127399632,0.48919252515151646,-6.766479837356165
-31.962355467392456,0.4890676961218409,-6.767787805153056
-31.97261290151903,0.49169794841503317,-6.768748655251181
-31.985177803837775,0.49114206446944303,-6.769790652152657
-31.998116540349752,0.4916414569160889,-6.7717398247937215
-32.01251137481081,0.4908399852326677,-6.77230032808528
-32.01592501711158,0.48680082084443566,-6.773310686353492
-32.04450803158482,0.4890480938149605,-6.764526435501846
-32.04450803158482,0.4890480938149605,-6.764526435501846
-32.058629008751474,0.48423839101129607,-6.762486185842323
-32.070215542801094,0.48249426939622286,-6.759814133869486
-32.09287324542974,0.4843405228696596,-6.757085530074844
-32.10555344066075,0.4841232038168784,-6.757128722039351
-32.11899676970969,0.482518795058447,-6.7561409925680564
-32.13183006230773,0.48352095405459716,-6.754480435089721
-32.142719987412995,0.4819915628771438,-6.753850289507949
-32.15255596985683,0.48408147160038406,-6.753829739085096
-32.16628407518279,0.48317356566164765,-6.758722834995419
-32.1673121871321,0.4820270958526771,-6.760592955554868
-32.177195753768245,0.48310168971882195,-6.762129189485013
-32.1875514574566,0.4885434375903918,-6.764673227508757
-32.19243725022805,0.4905820286197059,-6.767193168693141
-32.19302944376949,0.4896483910292777,-6.767862397048162
-32.192131308173295,0.49571375298936404,-6.773744602909234
-32.18868212624137,0.504275235913346,-6.782303979394037
-32.18073559376856,0.5066004345262712,-6.783550052210334
-32.1713210061233,0.5117974145669574,-6.7865958436252924
-32.1609082891476,0.5151650893140054,-6.791039227317523
-32.15239838759863,0.5202608580100976,-6.798094633835317
-32.14423260231016,0.5258544204448368,-6.804791958152909
-32.134009534411746,0.5343889720657415,-6.812102504624007
-32.128523264784256,0.531466444447671,-6.816085094711599
-32.12026951683307,0.5290690678467281,-6.8216161487981655
-32.11286406701435,0.5249181084875745,-6.8271030054999455
-32.107434592950014,0.5231257219438619,-6.8311493985451
-32.10401137005937,0.521566868707523,-6.834034531390567
-32.10174265426776,0.5145049062492277,-6.832031388598133
-32.09981226588369,0.5096615290769783,-6.8296032217074245
-32.097855220365524,0.494873278740455,-6.822428503366864
-32.096241355436845,0.5006800286047498,-6.824830346642011
-32.09710637859781,0.4932601121113567,-6.820389150269473
-32.096388631280824,0.49090498747648803,-6.816583015793828
-32.086363623026116,0.49670765091965113,-6.8160965915109255
-32.089648087208694,0.49276564044049753,-6.817359062372812
-32.085576498048304,0.4929463942725402,-6.81976457845831
-32.10342913071017,0.4826354010297608,-6.823478947853889
-32.1141428774141,0.4783750759751897,-6.821268441719871
-32.1097820134112,0.4769595705601181,-6.825156890917959
-32.120896818062775,0.4750277488587254,-6.823202066297261
-32.12594261097028,0.47412191425866795,-6.822407005878259
-32.13665555073575,0.4788889065725339,-6.823102775595469
-32.131952968576066,0.4784325246463406,-6.821255428306809
-32.142755890032596,0.4854077244254506,-6.822727078935136
-32.153313835693595,0.4911398732019958,-6.824351631904168
