-35.82318604361804,3.4783435703653596,-7.938408241414793
-35.82526658979943,3.478322990572528,-7.930915566990736
-35.8197331090046,3.434013160655395,-7.907000608917002
-35.8145341403952,3.416303120698644,-7.908455456576476
-35.80672332509412,3.401108182846905,-7.916890637568275
-35.795410186546405,3.3856440932769365,-7.929003553798378
-35.78782832855061,3.3814208369459524,-7.941176593160913
-35.77902138523696,3.3576935551152434,-7.9488325372301905
-35.774403326901655,3.3461402340043738,-7.952032592981758
-35.75545240054979,3.337605441123639,-7.9853787042005875
-35.75156042493684,3.328047817973663,-7.9858700893730195
-35.74312669411638,3.321702225991956,-7.99327909890487
-35.73485459223549,3.319968975312969,-7.995392295019941
-35.71857259825627,3.333669458081831,-7.97306736630413
-35.714038998601914,3.3480497420209043,-7.951620096589509
-35.7099503340328,3.3653738467599568,-7.931046339165119
-35.70739901669205,3.3816421059251907,-7.913968309782904
-35.701643308745375,3.396042900768037,-7.880692003863083
-35.69659769590167,3.4008489225424157,-7.8708356093104
-35.69153153511193,3.4029274848329556,-7.8751744676260085
-35.685726773527755,3.409853345962032,-7.860280100961423
-35.679697000088204,3.4159083024331625,-7.8554416103643545
-35.67567813329193,3.4186073909966597,-7.858033664012164
-35.67268891648407,3.4293499605921287,-7.849436043086724
-35.671519915612635,3.4299629985323103,-7.850791462585463
-35.67948715697285,3.431687615773726,-7.85195605019215
-35.685474522427135,3.428751423569696,-7.854907051734861
-35.69253206632277,3.4228091800012317,-7.86166622760845
-35.69874182560248,3.414643593469702,-7.871167961634196
-35.70572586457803,3.406910210227476,-7.881455912409457
-35.70964385698769,3.3931229046314244,-7.887187081292804
-35.712782636604814,3.3818299024947813,-7.886131328402766
-35.71553356682,3.3736586963629622,-7.884251386714162
-35.71885161341936,3.365235478472832,-7.879199184554924
-35.72538374959494,3.3603894236767844,-7.882350174772852
-35.73441298246149,3.3607796802404413,-7.884721056266362
-35.741046147152716,3.363602693881171,-7.883302921594875
-35.74948846393937,3.3661935059927184,-7.885922014201558
-35.760329825191874,3.3681322766876343,-7.890269362367122
-35.76861850705158,3.3664356701049534,-7.892562062076459
-35.77792509336977,3.361871622169917,-7.89457393594125
-35.787716255664606,3.3577366241039344,-7.8942546153838915
-35.80082460223413,3.353501311845266,-7.889156139118264
-35.80918874579217,3.3487181375183956,-7.879375053687905
-35.81670882889814,3.346622909635684,-7.869542796989921
-35.82348098540569,3.340679591510383,-7.863251901266656
-35.82955065156206,3.3353035488309164,-7.857645926457841
-35.83821671684553,3.3276880262618294,-7.8555477023438955
-35.84777629827501,3.3184837437356687,-7.855690296455304
-35.860919251877675,3.314416552522477,-7.854093858857288
-35.861333652912826,3.310798773435377,-7.857888138354118
-35.87876660693,3.3020350334634596,-7.861333637929576
-35.8811240445169,3.29781049318517,-7.863173198704641
-35.91833578537171,3.287369122972918,-7.8626666614855045
-35.94107756089806,3.277341831771174,-7.8619081458722295
-35.94107756089806,3.277341831771174,-7.8619081458722295
-35.9594900507432,3.2729905244422883,-7.857702732176503
-35.97900606788053,3.270533615718513,-7.855475506911656
-35.99194593570009,3.2719534898114384,-7.854109453451309
-36.0020662055346,3.275498531190503,-7.856013634427335
-36.014512195372625,3.2832870783229344,-7.866256244342805
-36.02399977146594,3.289632098203869,-7.889042823560383
-36.02684134805026,3.2961923921220673,-7.903944827652173
-36.029735856299915,3.3030025106871985,-7.919348483227024
-36.03705485900182,3.3112230456640366,-7.934698509613932
-36.04451803097751,3.315904290616756,-7.947875624937834
-36.05377468585454,3.3153405957493853,-7.96004327598615
-36.067196840360715,3.3096684318280394,-7.964750000843857
-36.0729869101334,3.3020220397725857,-7.9709938108444485
-36.08083652311595,3.296170451925314,-7.975130896736673
-36.096087204336406,3.2900143623430163,-7.97524486873949
-36.10220984157279,3.2877542178874335,-7.98215115771912
-36.12495064363829,3.282256323041905,-7.981729416264919
-36.14638401542151,3.278565173486866,-7.9832230324343385
-36.14638401542151,3.278565173486866,-7.9832230324343385
-36.1735255071876,3.266017162566955,-8.00140817867652
-36.1838201392228,3.2540991056714366,-8.013480105256722
-36.194942169836516,3.241785282333042,-8.021567991564636
-36.204891283590534,3.2302795137287763,-8.022385371622269
-36.20960385387127,3.2200172478612568,-8.027564631999365
-36.21578956271234,3.2151946171162895,-8.030642286996896
-36.21691137434219,3.2174834902139313,-8.028079897907325
-36.2228186413724,3.2131180157416765,-8.029746764559645
-36.24387110350675,3.214052958288297,-8.034790951168992
-36.258179386623276,3.2117125045286716,-8.037742187136368
-36.27591708038602,3.207927527562142,-8.04389507106315
-36.29642688651676,3.2077300536002697,-8.049049421874818
-36.29900336116217,3.2126320220046587,-8.04478914333853
-36.30131151653231,3.217137225991138,-8.04021103917632
-36.32835797198781,3.21262748672444,-8.049766113648621
-36.354642554279955,3.202263670505756,-8.05426864738566
-36.375355955566874,3.191239696691362,-8.054989607871036
-36.411867142630605,3.1754497334157326,-8.05278459858838
-36.42722846564046,3.167400379367281,-8.054201589150354
-36.417891949415804,3.178430512594051,-8.048155463041985
-36.44034635443943,3.1617271004608893,-8.055345811016686
-36.44806551558113,3.1514668715415506,-8.058590676804384
-36.4532548354043,3.139812382050852,-8.060561767734209
-36.45761750706918,3.1296382300601326,-8.060722877230937
-36.46214157647606,3.118147446654032,-8.058999485401694
-36.464465194422615,3.1111188588628935,-8.057701942776
-36.462438620157926,3.1073547498673983,-8.057229142160685
-36.459915075276975,3.1074941122457944,-8.056849253759095
-36.456230188363925,3.108515278247306,-8.055662188604963
-36.45556983791633,3.1148527656019374,-8.053394198301344
-36.45556983791633,3.1148527656019374,-8.053394198301344
-36.46175206369634,3.1265532682015125,-8.053534627785707
-36.461685993063796,3.129247191354697,-8.053374764945731
-36.46880816938165,3.136369887031767,-8.056831172481731
-36.46752496099386,3.1448049696202327,-8.062868007598217
-36.46898325759851,3.1506087422656073,-8.065019020657148
-36.46678811931779,3.164918403911731,-8.070452081412773
-36.46353409819199,3.168291058660285,-8.07361946317422
-36.46633984405026,3.1728893289569897,-8.07559416962411
-36.464229886730934,3.1770693468824067,-8.079830833654851
-36.47318854191131,3.185235316257456,-8.082858510282021
-36.47629471651767,3.1888191447393512,-8.081292639187781
-36.47978891256729,3.187047442073089,-8.081025900314868
-36.485019561434484,3.1958329593525274,-8.080161106133412
-36.49131335580099,3.195963475311985,-8.080945399028247
-36.49346201648501,3.194720826919095,-8.086077601474889
-36.49740797277616,3.1913314821133905,-8.09462189760017
-36.50533007279506,3.190413390610749,-8.105776738252917
-36.51844138438987,3.1910275390196396,-8.11840628541281
-36.522904272190495,3.1853430303264494,-8.117347468555446
-36.52653219795583,3.1822367900763644,-8.115970740542718
-36.57177640711931,3.1860853993959615,-8.145965484984414
-36.602888297834575,3.1907926732547076,-8.158146808717781
-36.63774199138033,3.1937099847051638,-8.16843430431643
-36.70726317618377,3.20801112042542,-8.189207634053773
-36.712681951008136,3.205260620724547,-8.18601132253196
-36.7445365263275,3.211538591048282,-8.193717127850043
-36.80862471437335,3.2200159080670496,-8.200929721863838
-36.838408629889734,3.2247725150375675,-8.204552365912162
-36.8640825281134,3.2320307828070383,-8.208904466121881
-36.88672874689768,3.240684808788857,-8.21760952536006
-36.887477620785766,3.2394018204295,-8.21676603053448
-36.90618464831039,3.243071289407355,-8.22583125646647
-36.92225615428762,3.248936725368998,-8.234944403142995
-36.937369665780366,3.2564559330180094,-8.24619122267567
-36.939544737476204,3.255161236073721,-8.247619876622695
-36.96012189341286,3.2735441445218028,-8.271166674699588
-36.971933013712444,3.276495212063415,-8.286918274351564
-36.97462391077763,3.2767582194559877,-8.290305874734269
-36.98483716893003,3.2831770718280104,-8.312035759095885
-36.987483202108,3.2831883955755954,-8.316009522318208
-36.990176417634615,3.2845698619780013,-8.328387960108417
-36.98488908320085,3.2868045958818635,-8.32740839464233
-36.976910816340535,3.290856834545946,-8.324500290109535
-36.969894338863604,3.294032707014012,-8.322035824163798
-36.961952212783125,3.29618647700199,-8.319202600620313
-36.954364213699634,3.3016114304848263,-8.320243794667883
-36.93399086153297,3.3108625698270027,-8.317009125680327
-36.92324292524701,3.318468231935966,-8.318484399269916
-36.92490999613817,3.3197421886853835,-8.321351154571792
-36.90768728984777,3.3313204200431086,-8.32749136958317
-36.90921923952387,3.332837891371434,-8.329473802063724
-36.89510901748012,3.3402851353304928,-8.338644845071926
-36.88751539952809,3.343993859031315,-8.342814803584059
-36.88108158666506,3.345076703993429,-8.346529224012222
-36.878834398675856,3.346836137663112,-8.3478672146691
-36.870957987100454,3.350360661494835,-8.350771856371457
-36.86208865878647,3.356034025515007,-8.352573877759365
-36.852139828948175,3.356642783404916,-8.350465482296942
-36.84147944766887,3.355402569497991,-8.346492131492997
-36.825992838604336,3.3564807261084404,-8.344834216865888
-36.8204505701128,3.3572113814984603,-8.34547415327343
-36.81425501322882,3.359385460091972,-8.347334426039861
-36.81186142742574,3.359714888700471,-8.34851593617329
-36.79746370030631,3.3570854533821106,-8.352627329340478
-36.79126945225811,3.352818534421497,-8.354731090354413
-36.78456092910864,3.349992776891639,-8.359141271303148
-36.77830721598849,3.3501304143294846,-8.365508101454287
-36.77196118127329,3.3470080946560516,-8.368843087827168
-36.76693533407597,3.344124632353421,-8.37206685098915
-36.7599652330616,3.346400539442948,-8.3798651184914
-36.75915570282889,3.347550259121904,-8.37837935931252
-36.755616172050836,3.3489959502275197,-8.38710907957349
-36.75508222417616,3.3528424985727203,-8.391058518779507
-36.75585042337209,3.353104183065429,-8.391608928386747
-36.75817370092986,3.351904600375641,-8.393796662178339
-36.7580085842744,3.35235298194558,-8.393087133813701
-36.75706960396122,3.3522266208127665,-8.392769554752139
-36.75724565697818,3.355040526491135,-8.395008168391866
-36.75851046442529,3.356020649009493,-8.398969551762377
-36.75928239191911,3.3595360203606814,-8.401146211818746
-36.75870499133072,3.3618820906850244,-8.404850678716786
-36.7579375260344,3.36401677001086,-8.410282200837303
-36.756755722430455,3.3628007597602894,-8.414946071719195
-36.75416874844281,3.362193662644741,-8.416686703823785
-36.74955586554745,3.359802568594733,-8.416700009615418
-36.74626976495341,3.3567511573111735,-8.412524194528212
-36.74157892435322,3.352830139008524,-8.410418747288075
-36.73621200781578,3.347344332753246,-8.40865202941751
-36.73079507026824,3.340532154443219,-8.406120021179657
-36.72915031397884,3.3405476287730616,-8.408225885317233
-36.72379852625075,3.3352353078725883,-8.408916301580474
-36.72192541193759,3.336271352016346,-8.411596210028067
-36.71710592064975,3.339887721676439,-8.418915062736055
-36.71250933984214,3.3427599242873214,-8.424892505400257
-36.707913832852796,3.3459764494033055,-8.431079711615729
-36.699711187581336,3.3524038104736062,-8.436230875685569
-36.69296996362188,3.3570190438474206,-8.441685222779185
-36.68934506771682,3.3580747284131394,-8.441025382203607
-36.68291275566325,3.3584575648519572,-8.444897179102743
-36.67639530270848,3.3609164197103247,-8.452105075723294
-36.673379412707845,3.363703690081011,-8.455846080654867
-36.670752549619344,3.363256228076934,-8.457494862648664
-36.67023650672109,3.3646894262315894,-8.460176875480771
-36.67320744745674,3.364307420906263,-8.46232160752345
-36.67313447241943,3.3639728317306474,-8.462416642173068
-36.68064868559329,3.3649124769949887,-8.466711643679975
-36.685290508978554,3.3640388031167046,-8.465262284279605
-36.68820740093809,3.361616010467992,-8.462962577841639
-36.68845598048281,3.3608763087084266,-8.458696138390582
-36.68962954150754,3.3598954453836942,-8.44811116475868
-36.68962954150754,3.3598954453836942,-8.44811116475868
-36.683658184244486,3.359386016120358,-8.427208230108159
-36.675191684260135,3.3557524449210683,-8.420741487855095
-36.67310630729171,3.3554630133748367,-8.417833837962897
-36.65860136023293,3.3460586046402696,-8.415983864634685
-36.640420305367414,3.330235819518853,-8.415031470839576
-36.62733796234742,3.323122301220666,-8.415245081136115
-36.61474567235259,3.320940936844619,-8.41709356064227
-36.6063507271445,3.3231767141896715,-8.418293989307417
-36.598239646384485,3.3287882233552035,-8.417687962229925
-36.59087998754865,3.3335728126671893,-8.414061037901895
-36.58324455971891,3.33559504567832,-8.411126913178428
-36.58598124183236,3.342877239795399,-8.40829627645019
-36.56848548554768,3.341708100947479,-8.3976844638487
-36.562816645814685,3.344917336554412,-8.389912987337754
-36.55544454216813,3.347378604039199,-8.386047898513624
-36.54848825482568,3.3500594751008763,-8.385032369596775
-36.54136555092135,3.351259593203535,-8.38523129232731
-36.53463255344421,3.3542487820554445,-8.38770571819288
-36.52938859633348,3.354637422578123,-8.390436615920297
-36.52531294658768,3.353955474929977,-8.39058780417785
-36.521749150299975,3.350165008165615,-8.390969117324735
-36.51937996611341,3.3467592013372323,-8.389775483605439
-36.516249549713784,3.339297618705073,-8.385097464199095
-36.5129296503241,3.334486765933926,-8.379416199201899
-36.5088811210457,3.329729978894091,-8.372578218427394
-36.504998128086164,3.3264453241170564,-8.364480423946432
-36.50270725277679,3.325522189242698,-8.359436350958584
-36.49883560007283,3.326796788807508,-8.357793943163813
-36.49874884603625,3.328275564860883,-8.357659515309724
-36.49928414402609,3.329304362757495,-8.356507529005293
-36.49759316583442,3.330061452266233,-8.357807945657804
-36.49730469691545,3.3327799281689248,-8.36287308113936
-36.49848841721969,3.338377894521504,-8.368422035110076
-36.49815766225401,3.343483047401997,-8.371795540711
-36.49907801772209,3.348218277551254,-8.374595883423327
-36.501016681675175,3.3533818964905366,-8.378552582984337
-36.494400016968456,3.3593495037766465,-8.381068225002169
-36.49655189479595,3.3701914658110987,-8.392823095621956
-36.49782432930859,3.3764461070773035,-8.399752987642911
-36.499868029481995,3.3799924598459317,-8.405108636944833
-36.50292337278421,3.3795634188420003,-8.40985996573725
-36.50960369917042,3.374434937688505,-8.411403359758074
-36.50559118836633,3.376247722231058,-8.41562431786887
-36.52067915262014,3.370272811812691,-8.417119431398369
-36.528785426381624,3.3685126892247372,-8.414074221431376
-36.537653506563124,3.3643617710770486,-8.40790883593998
-36.546104466618445,3.36001840905932,-8.399890141987603
-36.55385509917139,3.357064280948739,-8.394925944354567
-36.55215854658112,3.3583930230298384,-8.399397336740458
-36.56765230818775,3.3566477625375204,-8.391501490022431
-36.572194976026296,3.3595060540641377,-8.391297514587363
-36.57486679066367,3.3631642842947826,-8.392449386911043
-36.57567791513959,3.3636935485029054,-8.392600025318425
-36.57483980523063,3.368130863469915,-8.393627405034481
-36.57196321711593,3.3708612566002194,-8.394392589217551
-36.57150680453613,3.3760699823831626,-8.395882335631583
-36.57030162741918,3.3819337354256676,-8.39739102608663
-36.56452256021678,3.3915258298266315,-8.400036389170381
-36.5621543993258,3.3943896323381817,-8.401990601959607
-36.560804977575735,3.3990799565543286,-8.406098511299534
-36.55899758827549,3.403027405710463,-8.411347014854686
-36.5584396743696,3.4073208598959646,-8.419107581132318
-36.55689098449692,3.40889842268326,-8.42481363072273
-36.559448165588556,3.4091579406813786,-8.427801942017238
-36.56347083439745,3.4104351129400277,-8.429441717912578
-36.56806262609289,3.4108488571146394,-8.429263769826083
-36.5721965868305,3.407380432256961,-8.429011087319909
-36.57438368229454,3.4105534378101607,-8.42893252899984
-36.58245162621365,3.405435763607498,-8.425518060333696
-36.58656281320519,3.398129843500453,-8.423363734320818
-36.58962446333634,3.393160880187053,-8.421529279050825
-36.592469194815365,3.384405258759529,-8.423732849653845
-36.58700691929718,3.3792364232294654,-8.42301654234437
-36.581604349103834,3.382403995577663,-8.420547780976205
-36.57735324683957,3.358923748243336,-8.424705297200763
-36.57101442616863,3.3491936454933793,-8.424199218336833
-36.56492776493249,3.3408016392842472,-8.420459223353175
-36.557945557251664,3.3381358202298124,-8.41863577933506
-36.55538050077344,3.3379733968832475,-8.410699485343969
-36.55407486131173,3.3358051204866617,-8.401099790259757
-36.55073135604425,3.3345758119253275,-8.390996719776757
-36.54505177256723,3.33680399857046,-8.384910730073976
-36.541920368525226,3.3381768603397712,-8.379422669593849
-36.53997373183587,3.342192917630087,-8.379085531790457
-36.5378990981247,3.3496220389442146,-8.382779910990486
-36.537680347429365,3.348113859461205,-8.38087253487579
-36.53864395512347,3.3473961278928046,-8.380214044467634
-36.54037805543451,3.3530410224817477,-8.389812801226183
-36.53678276771966,3.3665846829838117,-8.401787918312499
-36.53568545030614,3.3724230591331343,-8.40713750970642
-36.52926734553769,3.3854354964624576,-8.412699464719976
-36.53066858914721,3.3849596358969065,-8.413521505064567
-36.53331343756068,3.390554036819241,-8.413631667180445
-36.53106352548959,3.3929053657895674,-8.402110764089723
-36.530007579628936,3.3904023228619016,-8.390480301209319
-36.52782594512596,3.3907907721464525,-8.378366952604106
-36.52429851166755,3.392254823862895,-8.365358870563469
-36.518155387506646,3.389838004744358,-8.361668769908826
-36.51363994448707,3.3891283162879757,-8.360913080553182
-36.50993038967636,3.3889411900238717,-8.36067736395051
-36.504613324510736,3.3904060000815446,-8.34858683051132
-36.50203611723462,3.3868825389616615,-8.347667086336031
-36.501018538131405,3.3888296771318664,-8.349210746917665
-36.50175056279286,3.3745806656595483,-8.350603578161593
-36.50351902963184,3.3707754028698997,-8.355166633677186
-36.51749034290783,3.3678962182179535,-8.3660197387985
-36.52346955853351,3.3639545739429044,-8.365168337066118
-36.52821855186735,3.3653806411678864,-8.368603489322217
-36.53346818943154,3.363850497667092,-8.366664726891171
-36.540279727719,3.3688223827523958,-8.366582865932026
-36.548070817016786,3.369705180215188,-8.36654474410307
-36.556338372824484,3.367116188898043,-8.369275883478192
-36.565638580032285,3.365017517897617,-8.372257275888062
-36.576704873774155,3.362938160713055,-8.375474268394166
-36.582999714266315,3.357560659104912,-8.37867127425259
-36.58765781926064,3.3537246848753663,-8.381752496784927
-36.58663696212043,3.3543564636298813,-8.382434585417164
-36.58934404661921,3.3509281629031515,-8.385944304214082
-36.58972908076305,3.3523922133162025,-8.387884952303864
-36.58953251179063,3.3525761573779453,-8.391588090558388
-36.58331036382143,3.3543578124341167,-8.397733656487127
-36.58063576589671,3.3581955985370158,-8.401460213639215
-36.572743749660475,3.356445754975347,-8.407278430410482
-36.566497850281095,3.35716490695812,-8.413084517809382
-36.55978360382805,3.353378134328456,-8.413740180080122
-36.55300414446546,3.356830461292974,-8.415788160629
-36.5476748837,3.3571234897000735,-8.416942293776952
-36.543079589003234,3.357879541938152,-8.416789798548821
-36.5430794143846,3.3581661484327157,-8.418880119693137
-36.54096858963563,3.3575299756916555,-8.417973028567449
-36.54131833778105,3.354019606030684,-8.414175145572289
-36.549020158186984,3.352320905803942,-8.414020755448329
-36.557505823481634,3.3486331162891294,-8.411754364246944
-36.56542049851604,3.3436213625863007,-8.407339489457415
-36.5668095987015,3.342370666047338,-8.408076968619518
-36.57504060151937,3.3367810332060497,-8.403389321619041
-36.579348670840766,3.3287078265055534,-8.396712439305986
-36.5857969190285,3.312761224397114,-8.380532082631502
-36.583765073700896,3.302694660135894,-8.368902174128879
-36.58238532772383,3.295634394740638,-8.35668613900514
-36.58332402922149,3.292684878089446,-8.35727813406014
-36.57653604035703,3.280410289418433,-8.338724614316334
-36.57587894262567,3.2752268679845966,-8.334950738513445
-36.5770802879593,3.2725917076440956,-8.336125503235438
-36.579117234057414,3.2723306739686993,-8.338994812164211
-36.58107715944502,3.274304114511796,-8.3459589786288
-36.5797922498224,3.277091034737304,-8.354530258158615
-36.5802510876284,3.278560404818003,-8.363382076072968
-36.582069525172784,3.2817461155877767,-8.371523795572223
-36.59266119953652,3.28503186719922,-8.377370638046974
-36.598215443438384,3.289273406531171,-8.383451244483329
-36.60543796223983,3.2982837075534235,-8.391695926402882
-36.60740076691375,3.3069206112543488,-8.400081219705163
-36.613035635396024,3.3130337908814655,-8.4056168665019
-36.622559972864586,3.3185390158832027,-8.409813284665837
-36.62614617372438,3.3170446880508835,-8.408103220026412
-36.62892219976273,3.311267745024421,-8.409260283621878
-36.62735264506969,3.3049369018253896,-8.400183153853503
-36.61902456782226,3.2986704654016674,-8.388356094819715
-36.62452669262699,3.297529796718743,-8.38654123155634
-36.61553159603124,3.290404145870587,-8.3713748120465
-36.596258361042494,3.2777478712187564,-8.334733043504572
-36.59149140223191,3.2691645006590533,-8.314977442970585
-36.58566007609816,3.262246419148789,-8.295901384787086
-36.5819491959033,3.259082463697911,-8.282237702784252
-36.573664854650154,3.2518561231240164,-8.272016650419415
-36.57561913206449,3.248842319167087,-8.270214114165325
-36.57307179950974,3.249064191004359,-8.271260468090976
-36.569180910135294,3.2475861273152864,-8.274571110886022
-36.56436670485929,3.2474878178773854,-8.280857208198345
-36.55769180309713,3.246552710474143,-8.289505372420455
-36.55674234716473,3.247210487409789,-8.289031760676703
-36.54973413226261,3.2421262091236955,-8.29929817675433
-36.55081532548861,3.2416859096158643,-8.30155112424971
-36.544675915406565,3.236832617706842,-8.310915168902692
-36.53598167574185,3.2329996029654637,-8.315574194977108
-36.51426376849224,3.243739413357408,-8.324043542002876
-36.50427852220592,3.2542016442792847,-8.327495724707358
-36.5030260760462,3.2622631190349227,-8.331323433040897
-36.50504374608346,3.2607503518481638,-8.326763084028311
-36.498200289612456,3.2677705444263454,-8.329015435249584
-36.49900369991846,3.265227431475684,-8.324389857260647
-36.49199762465608,3.2808189464485746,-8.338171524989287
-36.492916794830336,3.2833439007717224,-8.344749775534382
-36.49640571233441,3.279980174761782,-8.343920619999436
-36.5005578312839,3.284225929892501,-8.352404982446858
-36.50450936401111,3.2821451398324584,-8.352710195714
-36.51940874145029,3.293651247310653,-8.364292250927585
-36.529189836055735,3.2959268004637545,-8.360855200055653
-36.53490982114595,3.2970404234219512,-8.354518396641877
-36.54671297628657,3.296049381452344,-8.346296644669147
-36.56201318387312,3.2921529465585015,-8.335864476463373
-36.575931162180716,3.2866220726449638,-8.327492473547567
-36.59573437347563,3.2773508697266007,-8.309115257767296
-36.60289844654115,3.2718643917085823,-8.300302996924882
-36.606992281688804,3.2704208796378476,-8.292679762276391
-36.60906112387359,3.264693471878907,-8.281817044246404
-36.608980437107775,3.256072066291503,-8.27193208066673
-36.607816700665715,3.243309913341346,-8.271822150761801
-36.61056069055622,3.236454566114791,-8.273915707261068
-36.613604808728354,3.2333345312322015,-8.279205891494293
-36.61481222418667,3.2331015805480963,-8.281085443167253
-36.6196015814148,3.2314132641813167,-8.287533880691225
-36.6311860791838,3.235541526762351,-8.301570927785171
-36.63833489227773,3.2400397803451764,-8.30667398440678
-36.65053221170149,3.245974306525154,-8.309751409583944
-36.659085699304846,3.250126419127507,-8.312332129251333
-36.66312016991966,3.249796751482386,-8.317363082372038
-36.67455026664018,3.2546745777253,-8.309783862033852
-36.68744362791086,3.2512642433445054,-8.317134866021384
-36.6957487237476,3.2527128093917406,-8.321666460027911
-36.702304535404835,3.2492868584141545,-8.325357186358396
-36.706127752688,3.245102129178277,-8.329797922999795
-36.704387700140416,3.236919651581569,-8.332722426120528
-36.70698068215664,3.2314333796024526,-8.332484609782016
-36.70507717224582,3.2247490624442148,-8.329673326399101
-36.7044955076409,3.2177602819880553,-8.326543052461988
-36.70253543531558,3.2110065530285246,-8.323347323799366
-36.701251591634815,3.207156358857919,-8.319826355647706
-36.70156969331724,3.2007559856352326,-8.314726335497252
-36.70370802517723,3.2026367266515017,-8.313804417157298
-36.70198709191434,3.193829393620924,-8.308015182681627
-36.700218534922435,3.1870375223753635,-8.302410843506134
-36.69449615272143,3.1658290285668285,-8.286393084129367
-36.69070869538236,3.160558189066037,-8.27796119406078
-36.68684587401884,3.1553403202990853,-8.270926181333083
-36.68361850568788,3.1534944913650187,-8.267979002783258
-36.68283320174697,3.15436348572152,-8.269433362863852
-36.68313759442541,3.1532463742662182,-8.272417042120043
-36.681851967424734,3.154558820856142,-8.276923526700813
-36.68227566979054,3.1544506951511866,-8.283555225510975
-36.682449791923126,3.1562143197773174,-8.29017023189155
-36.682449791923126,3.1562143197773174,-8.29017023189155
-36.68544438125722,3.1570836455437488,-8.299448085805434
-36.68294920218757,3.161794634144515,-8.30007229192235
-36.68540617487169,3.1645886977688957,-8.298668566042775
-36.6845384505651,3.1720772008377542,-8.298251330100966
-36.6843984688424,3.1786931734032082,-8.297061378966424
-36.685666639709716,3.1859347849774435,-8.298831147241083
-36.685021321404534,3.18331108812062,-8.297965338819845
-36.68688326217274,3.185862692768858,-8.300256358996725
-36.69013514547552,3.1852756267394686,-8.303583244287987
-36.696640036734415,3.1846443610831034,-8.311922889406071
-36.700666256022835,3.1848176628091682,-8.317415380278591
-36.70380600451076,3.183815556397383,-8.321274980295696
-36.70447858268062,3.18017251620812,-8.322208670998231
-36.70732038136692,3.1809777221764928,-8.326504317295171
-36.70390807121251,3.1813855680528027,-8.327023189850898
-36.69870048270144,3.183978213949359,-8.325836596885221
-36.69135821562541,3.1864894768257455,-8.323743988823187
-36.68448701703705,3.188444380318653,-8.323558566264037
-36.68037546918178,3.191765334311448,-8.324017512194894
-36.67832086594182,3.1938558374070527,-8.325273456126427
-36.67096231114667,3.1980744064759286,-8.331954569514556
-36.66712833903767,3.196559255119045,-8.335494333731821
-36.665569385107176,3.190987104729803,-8.342876396783396
-36.66623455010821,3.1863301343898827,-8.343400222634756
-36.66014821121894,3.188694562623616,-8.345451761362952
-36.659503535984406,3.1852648645038517,-8.34590289590879
-36.66247145607985,3.1794996682554633,-8.343862224649211
-36.665190944685754,3.1808771338602724,-8.344914324843108
-36.669226677858845,3.18178249504362,-8.347388290308325
-36.67313716813813,3.178177011173847,-8.352009265861899
-36.67356078479285,3.1841360748645564,-8.353768112830258
-36.68284044732322,3.180655588100871,-8.362934963227435
-36.684543211505876,3.181620495902976,-8.363747843505285
-36.6864409161826,3.184932283967928,-8.365240501717485
-36.68529096811961,3.1868856562801855,-8.367253395898238
-36.685251168181885,3.1876011169910403,-8.370890588702908
-36.685251168181885,3.1876011169910403,-8.370890588702908
-36.69920757918074,3.176789802489778,-8.373539027301945
-36.70052164119036,3.1760979453279408,-8.37582208251479
-36.70295600172497,3.176525268522406,-8.379084576980308
-36.70023580976212,3.1820325731406607,-8.38470282216044
-36.70791520408462,3.1837721977500304,-8.385562361743563
-36.70915593669233,3.1869347302703352,-8.388127140232932
-36.7091686700444,3.188812515835833,-8.38932518333744
-36.70881894694755,3.1905935736260735,-8.392068401122494
-36.707337560761296,3.1938625059181707,-8.393992956047788
-36.69888385917336,3.2021066704946266,-8.399847240828846
-36.696522074491185,3.206335594997372,-8.407931723365941
-36.69686793688463,3.209888648977775,-8.415193428269967
-36.69095591661519,3.214749128093281,-8.41900472156607
-36.68847813019985,3.2162561602407296,-8.42103191350827
-36.68641601002886,3.220750048798479,-8.424566355014505
-36.688483446947615,3.2302787848274725,-8.44023756335181
-36.69363480113109,3.2351617277685203,-8.455971088638274
-36.698674567091786,3.2353915210221795,-8.461535848699233
-36.69991889630279,3.2360170805902717,-8.463521660620302
-36.70509049170984,3.2306524953033895,-8.467366209767352
-36.71145893523986,3.2194336723708377,-8.46574538327142
-36.712370406024796,3.2158075950333234,-8.45674861468018
-36.712013822312215,3.209987251952757,-8.442859236345662
-36.71310741271361,3.2074280820129553,-8.430087410700011
-36.708439489421686,3.205115457411091,-8.416102619948646
-36.705102236104025,3.2026119327679106,-8.411751113083975
-36.696782651638514,3.191235915626863,-8.415317868309689
-36.6929470903773,3.184614306940733,-8.419462629001247
-36.68900523856999,3.1821191525628754,-8.425751089877084
-36.68900523856999,3.1821191525628754,-8.425751089877084
-36.68547960817011,3.1808304246500843,-8.431876749325527
-36.68372926373327,3.180791153227653,-8.434279839684917
-36.68619379716564,3.180265321172346,-8.43554544513247
-36.686544098916755,3.1794029462832163,-8.433648284579348
-36.68846915274144,3.1797426496980914,-8.430347741440992
-36.68853831459368,3.178486845414995,-8.425509999780532
-36.68971433669723,3.1750249698744764,-8.422199335613483
-36.69023092498268,3.17326312225997,-8.419456477034142
-36.6908127975945,3.169589778534607,-8.417988265215303
-36.69133992555453,3.1683476039517213,-8.419916987588955
-36.692564300429716,3.16782379998558,-8.42651091332536
-36.69287832655843,3.166213409085609,-8.433735427332298
-36.69371397303774,3.1651236424020066,-8.44014919957814
-36.69536153256278,3.1639751944517847,-8.447648221717047
-36.69302114220781,3.1622892036451655,-8.452129423840187
-36.68975516424509,3.1564646913048264,-8.452834785598245
-36.684183322796514,3.1560589764386764,-8.452570158188111
-36.67697093886777,3.1540648257602326,-8.44834032474042
-36.67041988688214,3.1582115896196306,-8.446092258108425
-36.66310113940405,3.1595238159125305,-8.443465780911435
-36.65636096694014,3.1615574831187048,-8.441585673398885
-36.65043870924236,3.1641512897874953,-8.441536389038427
-36.64618742513402,3.1661900441961786,-8.44275031375067
-36.64155740682794,3.1660107075175747,-8.441994651672227
-36.63749608032252,3.168751224874431,-8.442552260588823
-36.63867308044033,3.1681447835835836,-8.443730500350181
-36.63515096882547,3.16922785068584,-8.44208789161631
-36.62720631959906,3.1730813105876283,-8.435886016971441
-36.62722517330143,3.1735006667826315,-8.437094731136414
-36.62296988373986,3.1854861760874087,-8.435335329457335
-36.62304167180139,3.1867945833875173,-8.434441295731805
-36.62176815513319,3.1887805258429025,-8.437725368440004
-36.62181004052873,3.1949684371457714,-8.442642677722665
-36.62212747179707,3.1956518215444585,-8.444028614230534
-36.62242390739653,3.1979188270515326,-8.452284049493153
-36.62328417521991,3.1967397129774477,-8.455825282447748
-36.6229605815454,3.1958402017307446,-8.457667148388671
-36.622029952726756,3.195742767456687,-8.458734910846527
-36.62237076347205,3.196668320544402,-8.461694055599978
-36.623720615377195,3.2001571562807927,-8.463063202817848
-36.62432934113872,3.2029009459626554,-8.464912921006823
-36.62284605030924,3.204476723149989,-8.46457054797386
-36.62710271614415,3.204390812788494,-8.468345274734789
-36.627978857879164,3.2079226243177,-8.468802175843635
-36.62695234607063,3.2083251232417833,-8.467582236563793
-36.624701758906966,3.2104008621995797,-8.467070122355581
-36.62269134131628,3.210641455405884,-8.466248922619378
-36.618754048736854,3.2144122177731074,-8.464642848554856
-36.61371946031009,3.215362827803104,-8.466430787173099
-36.61472175129376,3.21825193953034,-8.464508822647284
-36.614028643785474,3.2201213423593313,-8.467567643803864
-36.60885330955487,3.2164134186388487,-8.471866283291071
-36.60536997186601,3.2156846528255763,-8.473628499364974
-36.59905673315968,3.213109785213566,-8.473691398775347
-36.591521424291315,3.207687354007637,-8.471660104761803
-36.586267303018936,3.2020867698559665,-8.469301812633875
-36.581959321239836,3.1948140787420427,-8.466116364891928
-36.57264050286623,3.189304907413295,-8.462175009210412
-36.565512022517034,3.1881647166400846,-8.455458684795497
-36.562556313590626,3.1833073960553944,-8.452022103098583
-36.56184133020142,3.1887410825041878,-8.449228113854122
-36.55873063548738,3.1858322564030495,-8.448374323122007
-36.55846037193862,3.188235730500179,-8.44894640455372
-36.557691893181556,3.1876997519292227,-8.449439502022903
-36.55247735242669,3.188135762503212,-8.447774828256321
-36.55109850500624,3.1826375609944537,-8.45018411415522
-36.54156190779519,3.1817260505698637,-8.454872664439817
-36.54193081189227,3.176513778513818,-8.459781506118773
-36.53441592427725,3.173003202391872,-8.465729956472602
-36.53284902615959,3.1713555103594073,-8.470830288408761
-36.53265125996784,3.1697688909480255,-8.473848264295373
-36.53119679978975,3.169528545805521,-8.47209533370107
-36.52941365684674,3.1739905864369136,-8.471447561978394
-36.528943657808966,3.17858021722223,-8.470423981236895
-36.528017460602015,3.1820851836429176,-8.471170814605705
-36.528360758532266,3.1842140739684828,-8.470737257244071
-36.529175445776815,3.1873882452325035,-8.472335694058636
-36.52693864721461,3.189963606471104,-8.474511747299548
-36.52305276795094,3.1913004384686277,-8.47581255005865
-36.51933676509529,3.1963095965017994,-8.478861331738043
-36.5162677177975,3.195493595337238,-8.480311282429225
-36.51199700048927,3.196897698046284,-8.483903262073884
-36.50815430875684,3.203907311145352,-8.484862457231957
-36.50373526260403,3.2119764517236784,-8.483867610310128
-36.50065492260722,3.226726673731894,-8.48221999048656
-36.50136397484153,3.234046560689065,-8.481485070715944
-36.501540515681526,3.2363009814986947,-8.482787372027047
-36.50720089338966,3.238087935960294,-8.47788629858314
-36.5092646277469,3.2369604663791263,-8.476463037194923
-36.507936678493785,3.2359499698605987,-8.477912551024605
-36.5095270766499,3.2314591426961923,-8.463962777982225
-36.506314665419495,3.232624209147064,-8.456630563800202
-36.50418152342868,3.2350155555824323,-8.449688794315488
-36.50014565097241,3.235148824578472,-8.450317010022045
-36.49709419362345,3.2311081913941853,-8.448116894636943
-36.494561940524484,3.226932987215353,-8.45131754266143
-36.492160655366455,3.2210198506666634,-8.454154025953882
-36.493186171647764,3.2168113757719143,-8.459250958788507
-36.493186171647764,3.2168113757719143,-8.459250958788507
-36.49165032802173,3.221223958359983,-8.46243131192583
-36.49713173605287,3.2229029714358264,-8.465326050309251
-36.50351834322873,3.2258836829058097,-8.466084973518903
-36.51133049745581,3.2294264198761913,-8.465451063805144
-36.52371596027116,3.230972339819855,-8.460596351361472
-36.52765563732675,3.2279357646266984,-8.456096277720683
-36.534493302725345,3.230977882786919,-8.454635353967483
-36.54179259972746,3.2270299271507583,-8.447927765479571
-36.54486337482489,3.2286929941764297,-8.45069937882172
-36.545935618132866,3.231004594478929,-8.45600646785872
-36.539956800438205,3.231320454218226,-8.463075672334584
-36.5346443328591,3.229490304357553,-8.465208581019215
-36.526991007245,3.2266865477501177,-8.465032230738615
-36.521218274702065,3.224649425700007,-8.464381144924216
-36.51700912815546,3.2271548655949753,-8.465616012547951
-36.512862625005084,3.2352244245967956,-8.472693962339713
-36.512861336883574,3.2371478829396567,-8.47417890561123
-36.511361417203105,3.2415923733628578,-8.47930626311613
-36.510876000577305,3.2432033842873853,-8.484113882096343
-36.511175584041425,3.2417966943955467,-8.485121997231523
-36.51406467769545,3.2392489959668627,-8.489040575251126
-36.516730689243055,3.238140070071437,-8.48962705238705
-36.518481185882244,3.23853115828839,-8.48789224106507
-36.52071830677146,3.2412019007479382,-8.484589899081039
-36.52214785652707,3.2406143950685413,-8.477712406201277
-36.5226001340319,3.2406889296293664,-8.468826616946997
-36.52449813034732,3.242699187930948,-8.459595082658605
-36.52572934082359,3.244681336459519,-8.457765190542121
-36.52910651908433,3.24710083398165,-8.456338824697276
-36.534003465741414,3.248000894555819,-8.459362440801144
-36.53523678621157,3.2454803824283593,-8.461100216795902
-36.54997036161891,3.2478341842386036,-8.473123025477964
-36.550225557859434,3.246783801806185,-8.473424170508757
-36.55925414664071,3.248110142302402,-8.481196936874877
-36.56795955229906,3.2490521992065045,-8.487242249194567
-36.57569401389636,3.2491008539211275,-8.490308594277968
-36.579907575914106,3.250248480652054,-8.492681463055503
-36.58725388730103,3.2505173430445873,-8.49140494059074
-36.59172482043544,3.250071075181725,-8.489730868682745
-36.59895723958807,3.2454044709527174,-8.488959871657357
-36.603330984837434,3.2442713262404546,-8.49076548757466
-36.60958095075449,3.2375977390740576,-8.49065194699429
-36.610819614602725,3.2320575897685435,-8.491856770402013
-36.616354066728235,3.2262287184388296,-8.488537766161652
-36.61832414086097,3.2196558643299458,-8.486682903699135
-36.61872536020057,3.212227312623875,-8.481589894017185
-36.62018215637563,3.2082109744513967,-8.478232526635443
-36.62039813841012,3.2036709540913813,-8.476341057300916
-36.617299036762496,3.197577306533887,-8.47243340468165
-36.62147217086052,3.1975282661337534,-8.470490963159701
-36.62154668819282,3.1941424256585655,-8.468168064314241
-36.62061750785447,3.189738764857512,-8.465195887226228
-36.61250010880385,3.1818461493941923,-8.463864366681895
-36.60824822770131,3.1825262559288476,-8.464955629604344
-36.60317057030516,3.1815495273088152,-8.46840729448002
-36.60804060977306,3.1873032994581565,-8.464825746120702
-36.606194393362586,3.1918962980042296,-8.47036880619976
-36.60568098508201,3.1947294875946066,-8.47619507588241
-36.60572701585787,3.192161751213964,-8.487055459277862
-36.60523880516277,3.1881830275651764,-8.490372471069767
-36.60893779042749,3.1862073358615306,-8.492002065281962
-36.60991220326065,3.1867934028454896,-8.490418447409242
-36.61376269286552,3.1841794509331813,-8.488409855046656
-36.62157448956835,3.1770007103099194,-8.487056946471162
-36.62908426768325,3.176022632156643,-8.48621208597285
-36.63954307529422,3.1754101069049043,-8.486783853601523
-36.648207083624534,3.170657410208919,-8.488204749041266
-36.658581030203024,3.170410558412529,-8.488871827510197
-36.665760276714245,3.1641502341507355,-8.487627526122788
-36.671055178505334,3.1584684174656945,-8.486783902465504
-36.67608615938358,3.1469992828561666,-8.485508542879826
-36.68521276180876,3.133594006407287,-8.483590801936716
-36.687387869197615,3.122534999449136,-8.479841783374983
-36.68499790742189,3.1234300362285885,-8.481421632328445
-36.70110165619236,3.1006313840838975,-8.476090677390406
-36.711188367077966,3.0945141781412118,-8.478424782820213
-36.72162430906004,3.0916237464704754,-8.484055889084633
-36.73058249222271,3.0872180189785,-8.48856953210448
-36.73960871291149,3.0838735225016585,-8.494148813330956
-36.739876666425616,3.085791260137577,-8.499855804097955
-36.73664400880237,3.087023261480266,-8.504004542812174
-36.73533719719413,3.0900670531150816,-8.503978758571053
-36.73673340657673,3.08909882964052,-8.5014945796232
-36.73708236881869,3.0847347437086716,-8.497980098259632
-36.737477064771035,3.0827709957669125,-8.498259670686357
-36.72208378443506,3.0965095617057,-8.501295078606377
-36.71788458395354,3.1002357099544073,-8.503767453010134
-36.71319629752913,3.105066767095686,-8.505250751035396
-36.71461656502609,3.107932864431279,-8.507822641070636
-36.72165225914811,3.10623937676301,-8.509344696040912
-36.74566432481876,3.0985404395073286,-8.515599603873936
-36.74566432481876,3.0985404395073286,-8.515599603873936
-36.774650839831104,3.0673056892272603,-8.520610861280874
-36.79060500975644,3.0436179394485947,-8.522058878122827
-36.80731040993925,3.006928614562456,-8.51733199097556
-36.82105560752253,2.9832459794600323,-8.513627207898631
-36.82329828240159,2.9689606942812747,-8.50817814246239
-36.82229226728873,2.9632323990302787,-8.507004256308425
-36.82261366013512,2.958044240956426,-8.507193437848006
-36.81951388706704,2.952721285329663,-8.510538395883357
-36.81857583325893,2.9466860445687515,-8.519121315008258
-36.81664342487614,2.9376972234949297,-8.525070254576839
-36.81013857377154,2.9344689305602296,-8.533988776340163
-36.804464316021686,2.9360523802715783,-8.536065451153453
-36.80671117984324,2.9434792543289188,-8.531116431953741
-36.807487775562144,2.9516217149400856,-8.525960569458148
-36.812612610524084,2.952835310230727,-8.523531618153955
-36.81442405638059,2.960001363164968,-8.51591684920473
-36.81662448953374,2.9661562433118323,-8.504953963270829
-36.81910867669383,2.970002725435416,-8.49422228963465
-36.82108874566197,2.972696614057624,-8.485375737855545
-36.82767208204806,2.9721893323044015,-8.483643643301392
-36.82952019206177,2.9728143952397197,-8.479072212964141
-36.83177201886525,2.973662923252044,-8.476518337502123
-36.82995233530226,2.9657151007505287,-8.477384497018303
-36.82995233530226,2.9657151007505287,-8.477384497018303
-36.837997451721606,2.956961133888465,-8.479300340644746
-36.84008420698564,2.9574259120029263,-8.485077976878623
-36.84075030060462,2.958102481092554,-8.490322829007717
-36.84234519501898,2.958311775554934,-8.495595262082736
-36.84326729289631,2.958945130946612,-8.49990545984018
-36.84472464206542,2.95822637282737,-8.504908909260685
-36.84687430754343,2.9592199222485815,-8.510006971716939
-36.848302391081745,2.959862056118656,-8.5138658664323
-36.85048078993626,2.9586670914100477,-8.51372733011698
-36.854093882653714,2.9622878298446325,-8.511788579192341
-36.85750289473142,2.9648594632259795,-8.50487934272806
-36.862886186388806,2.972230515296429,-8.485057357339189
-36.86549305731422,2.9769914330592653,-8.47607358179854
-36.866353554400355,2.976725809261778,-8.475305003682514
-36.873227086240085,2.983824570185161,-8.458379091025883
-36.873489886896195,2.984630166769693,-8.459213140578763
-36.88058276022677,2.98731339214087,-8.449442825049386
-36.882078750976916,2.9872220410966595,-8.450659951646024
-36.888853589694314,2.9911029673484024,-8.44834930393324
-36.89251781152161,2.9915640890447612,-8.447596821048354
-36.89504956789861,2.991667115590536,-8.450907992452581
-36.90021754588706,2.9967686956675457,-8.452372375725844
-36.90118097102953,3.003353166891814,-8.456478755002616
-36.89831332152636,3.0171230416114394,-8.459004175891964
-36.89804185135521,3.034020929013084,-8.461184892015421
-36.900979705611164,3.036610923811134,-8.45949968721086
-36.892567140146376,3.0714566323558654,-8.463476474860668
-36.887415357007725,3.091281604198332,-8.464275982366821
-36.88167336306838,3.1109676123704535,-8.464299853087928
-36.873678625843304,3.1293525418249613,-8.464015847738766
-36.86255780991925,3.140549617000348,-8.464927681942168
-36.866026533762934,3.1444470755264535,-8.464205345247041
-36.86822117597165,3.144583405738565,-8.465091339865968
-36.851037650284376,3.1558671734411434,-8.463847809045228
-36.835466126013074,3.1603073815729767,-8.459515814374816
-36.83715675409255,3.160274286959054,-8.460889098533315
-36.82396555891234,3.1618616741898213,-8.456282315863215
-36.824718603415704,3.1608044576909333,-8.457218051496387
-36.81239829097675,3.1549367787383398,-8.451589515114629
-36.80663643552931,3.148319481526897,-8.447481229289364
-36.801633221302076,3.1437647596764586,-8.444259649884396
-36.79671407123174,3.1387884653517895,-8.441655843010663
-36.79149230750068,3.1374006464958617,-8.439435379936329
-36.7863545358818,3.136229958228057,-8.438297761435063
-36.78248247931358,3.1365371815158887,-8.43796716377036
-36.777672320600885,3.13499619973959,-8.438961636787985
-36.773213019339615,3.1352584788381925,-8.440635677310036
-36.768461981660366,3.1356845775214963,-8.44068620479711
-36.76417958032305,3.1363062003287197,-8.439777327674756
-36.764961116464434,3.1349453276138437,-8.44076641674239
-36.758053685138876,3.1358246523507565,-8.439898482781269
-36.757872806573694,3.134552706878678,-8.43866506657972
-36.76001268155218,3.133900262635509,-8.436749524896689
-36.7616699079841,3.135171174642398,-8.432700334824496
-36.76441181919683,3.136033418883272,-8.430939783537516
-36.766537560696065,3.137078398045585,-8.430782697413632
-36.7630226133232,3.137269731733573,-8.432210581678945
-36.7618580093133,3.1382030810440464,-8.43247674464116
-36.764350500561754,3.138319407966978,-8.433154268401655
-36.759497320347634,3.1394138877895794,-8.434571489519342
-36.75682725377541,3.1381286397079764,-8.442435848566461
-36.751483484436434,3.136546669144879,-8.447470197340344
-36.74801472674518,3.1352476469279194,-8.453967440414939
-36.74174479499784,3.1350171395418998,-8.459987478920654
-36.74105706159893,3.1357630353559847,-8.463928873004672
-36.737918507093404,3.1361107353289457,-8.462828561424383
-36.73328751456632,3.1398599826792988,-8.459605319590478
-36.7301732676363,3.1449247636251876,-8.454413854810332
-36.72631836597172,3.1443543395064246,-8.453543773305713
-36.71020539809268,3.1550210529340874,-8.439450016388124
-36.69720366399404,3.164197353397397,-8.436454880215948
-36.687254876935405,3.173009838992205,-8.437514504909368
-36.67790875659934,3.181397468774304,-8.440084905034404
-36.67003147298457,3.187623622682172,-8.445415664815284
-36.67003147298457,3.187623622682172,-8.445415664815284
-36.665231604139805,3.1917149830531066,-8.463016319746098
-36.6647877419497,3.1897760571983675,-8.470185626591103
-36.66556971689387,3.188176450942548,-8.47410905479454
-36.674493015174335,3.18178025278323,-8.476984911567063
-36.6830345687034,3.177964702091921,-8.473209426983994
-36.69206782286679,3.166804915112872,-8.467674667095947
-36.70145819834618,3.1569635179489874,-8.459854992489381
-36.71290571897901,3.1480722547794953,-8.449543206037587
-36.717506298673165,3.133416307238763,-8.434888557418924
-36.72206471617178,3.128484930709299,-8.420139665721138
-36.72311983008828,3.1166975090200957,-8.407358408147857
-36.71851525974213,3.122540296271419,-8.405191573519353
-36.7134441180954,3.1141253676689513,-8.39480914245658
-36.69965746285131,3.0946428872483684,-8.389945919655323
-36.69219495057236,3.089774550288816,-8.39303742966094
-36.68491116291665,3.0863257885600457,-8.398134400114682
-36.68359189286728,3.0815472119259786,-8.402867999527906
-36.6761059555872,3.088387783663453,-8.409696110723713
-36.67502689806285,3.0928410559823916,-8.414757762307246
-36.676267004498044,3.0963462885590447,-8.417747334055422
-36.677997819506096,3.0986356889651216,-8.418577957426251
-36.68158702033036,3.1050812684126075,-8.418582459629745
-36.683027646613375,3.1051879985469095,-8.419506064469402
-36.682911992093494,3.10997084794694,-8.419122204389135
-36.68491133162512,3.111674621397882,-8.422521545693877
-36.68949946001231,3.116466874356751,-8.43436719900354
-36.689893176999156,3.1214326065811373,-8.446218777358649
-36.689316438284045,3.1274351481689577,-8.462418988579804
-36.68885447500997,3.134984688895698,-8.480428757554916
-36.689555962510866,3.1454401644825554,-8.499672024910188
-36.68922956400495,3.147803233399608,-8.49786482971085
-36.68967705926684,3.1573085075268343,-8.518589827275603
-36.69287482606407,3.163047665073545,-8.518537509000014
-36.69388825450024,3.1726711559194753,-8.524985148897256
-36.685782945411255,3.1961448029265247,-8.52734310056627
-36.67965127909765,3.20718303360771,-8.524526416833254
-36.676569805125744,3.207549882592303,-8.526915850903201
-36.668816358702124,3.2149915960184603,-8.52509268936664
-36.66564590289013,3.214921163835457,-8.527829442050379
-36.65775519445844,3.216409577260016,-8.52524726598311
-36.65122427717042,3.2180308297119358,-8.523831278750517
-36.64541006985363,3.219682822815519,-8.523170870787752
-36.64084153419429,3.220241225124866,-8.5216990102762
-36.63443560426485,3.2205982579895496,-8.519169702606794
-36.63305199496105,3.2202669384314997,-8.52297665168618
-36.62811123350607,3.2227228260023435,-8.523235953186434
-36.62146243949835,3.222094522039898,-8.52299690658324
-36.614776293983674,3.221072858166087,-8.521944635928405
-36.609930047267945,3.2202261967463457,-8.528729625719292
-36.6070495615171,3.2183360895218907,-8.53302783184778
-36.60496691080965,3.217483660065093,-8.537346104479916
-36.602014275670896,3.2193294933130856,-8.543363936059423
-36.600041973679566,3.2198781055199692,-8.544056263560847
-36.60100538743504,3.2231712797951992,-8.543946928121589
-36.601145938295545,3.227406060485041,-8.543016379192519
-36.601869878708584,3.2300360302504516,-8.540232513401707
-36.60358537344568,3.2347855767492337,-8.537608429590229
-36.60653197611234,3.238329676121256,-8.535417380364796
-36.608194366410636,3.241026957983236,-8.53333482621631
-36.60887293119672,3.239886593442812,-8.533416669683191
-36.610315679044874,3.2427631755801407,-8.529642746077483
-36.610315679044874,3.2427631755801407,-8.529642746077483
-36.608841051557334,3.237696588089396,-8.52398606332898
-36.604923763229685,3.2299783031041307,-8.51788696593852
-36.60319090322675,3.2265099551315277,-8.514685448240106
-36.60108770936187,3.222467387057818,-8.516561644661229
-36.59811196143687,3.219800310396007,-8.519074988485588
-36.59561889403422,3.2184279518926817,-8.518419400394952
-36.590670948353534,3.215296810283025,-8.524687723181916
-36.584760748755144,3.2106570270562216,-8.523077518794583
-36.57979117124486,3.2104230202322177,-8.522002468416273
-36.575520451031494,3.210514836138718,-8.519622398120651
-36.57050509541283,3.210666957556485,-8.51934059781341
-36.56969562160731,3.212014101151158,-8.51202307318356
-36.56543743027008,3.215699828084962,-8.508403568276092
-36.559871351693516,3.2161397916125076,-8.502902710208653
-36.54539262512773,3.2171117596319294,-8.494177724023206
-36.53744820347792,3.2178225192416754,-8.488803099100009
-36.53065195698315,3.214401433558534,-8.48622937203857
-36.5231547260918,3.2124179546804013,-8.48446369461815
-36.51198183994387,3.2064571367878094,-8.479921547979242
-36.505302665957785,3.2032460351441268,-8.47955281512972
-36.5015887875726,3.1997848179429322,-8.478731071005859
-36.49838437398468,3.1928171344775658,-8.479741287167169
-36.496198449999305,3.192417074050254,-8.480137288362561
-36.49911875049647,3.203378079243039,-8.477393113399602
-36.49483936756884,3.199936616830801,-8.484757008069206
-36.49255790006576,3.201601202863741,-8.485426241313554
-36.485505444857324,3.2035777505464296,-8.485463909516968
-36.479634492336686,3.210566272935715,-8.482351408917824
-36.47080655600363,3.2091597957627322,-8.48345975580538
-36.46388806474663,3.216709196367795,-8.48263626389151
-36.45505276932295,3.211553748726706,-8.487684168898836
-36.44720366632468,3.207622767736859,-8.49444393609759
-36.43957108455714,3.189589262603091,-8.5003077958776
-36.43493539781396,3.187919592279733,-8.50054051925451
-36.43159489548687,3.192983175546689,-8.500313294988505
-36.42943000675785,3.182793502609043,-8.495618188727379
-36.42466124912118,3.1835459608139702,-8.490788069638466
-36.42077959862469,3.1878645154378487,-8.48713053214141
-36.419823889292644,3.18345004967839,-8.485119884062112
-36.419680799619066,3.1806867692276795,-8.487038150836685
-36.422366413409634,3.1804523784896577,-8.493911919943331
-36.431746617747,3.172971753304146,-8.50606292003738
-36.432419055623065,3.1745137514772006,-8.508478519312183
-36.440160264284806,3.1683656206761412,-8.51378379742348
-36.44339519517908,3.166732436505289,-8.513945151729564
-36.44588592347669,3.166116515378523,-8.50736664091296
-36.44689325030245,3.1660660707093773,-8.499326105337694
-36.448386738395286,3.168579434886718,-8.489672671852796
-36.44558443385887,3.1679057116100706,-8.490787662966612
-36.44727989773474,3.169798025267468,-8.472806311293388
-36.44572798845487,3.173045193032226,-8.46854858150345
-36.44384539591808,3.178138781454191,-8.463587925495885
-36.44180931682582,3.1846610758397293,-8.458510111720514
-36.43909294215378,3.1936199192202146,-8.452950287735796
-36.43714221874445,3.191126424642603,-8.451627481517663
-36.429757069684605,3.1982599393251383,-8.44077374999557
-36.42507677143697,3.1963332233255564,-8.435053671449433
-36.42280799390243,3.19538007736135,-8.426288814652278
-36.42169161795752,3.195472119293027,-8.41213982288562
-36.42168320048259,3.1980113064146405,-8.395744919269157
-36.42201239906681,3.196305941479197,-8.39792878675764
-36.42569110513869,3.2057666982988766,-8.368322436000176
-36.428440461103115,3.2030762060839435,-8.358745024698955
-36.432927362795304,3.195636240190274,-8.35277914676981
-36.4320926565875,3.1873153549367723,-8.350926615814226
-36.439461983157344,3.181374131698417,-8.35586930450884
-36.44259367925126,3.1764898559351415,-8.36541117563879
-36.44967277340856,3.1686076128680223,-8.379221288274064
-36.4526194487542,3.1614346334564485,-8.397882438349347
-36.44468557563823,3.1600248387082495,-8.41655593452101
-36.42825241278525,3.1611525946609627,-8.427538912031352
-36.405563865523085,3.168214371367842,-8.434707466472231
-36.405563865523085,3.168214371367842,-8.434707466472231
-36.35927447107275,3.1826702520667736,-8.443884787699758
-36.33778017766446,3.188943027984173,-8.449241690643898
-36.317748655688476,3.192471071224812,-8.455389999993866
-36.300688720328644,3.1949566909756664,-8.46231659694946
-36.283917285639994,3.195460590682022,-8.467428280001927
-36.283917285639994,3.195460590682022,-8.467428280001927
-36.24757756135276,3.1897665639960784,-8.473130970309569
-36.23088064071832,3.184875952795707,-8.472266732846043
-36.21884862086355,3.18013423732345,-8.469520540433814
-36.20280392394488,3.1744319575246585,-8.463025206928474
-36.18695263288227,3.164290103721245,-8.452061752448161
-36.19112929063471,3.1653150244914725,-8.453467985441437
-36.17912926126639,3.156759026575001,-8.44156983306333
-36.1679697607511,3.1481921588436776,-8.428455587667763
-36.16049918933039,3.14249248841192,-8.416904713058154
-36.15681298692032,3.1361072680241056,-8.406288588534382
-36.157386277005436,3.134942593708629,-8.401333344360758
-36.15322328000585,3.1307329623925426,-8.392742609426886
-36.16061749207314,3.1290399777327376,-8.394763132445261
-36.16670141587266,3.1278888127185667,-8.397024703655333
-36.18043539159936,3.1270601898751065,-8.399338003992222
-36.188772886881786,3.124508437247134,-8.398984267985716
-36.20696625661306,3.126860621159693,-8.39808508830909
-36.22047571234574,3.131206505545878,-8.395882992783466
-36.23384774712258,3.137404684852171,-8.392571877501704
-36.246864344853506,3.1457791530533132,-8.389447142851091
-36.26096714881163,3.1588688547505948,-8.388297599756276
-36.27650284066257,3.170119388031227,-8.388929119002567
-36.27960642453963,3.1669615894350494,-8.386756118322623
-36.301286866632886,3.1982459909145704,-8.40293861720946
-36.31362687104738,3.209272931127561,-8.410662097584693
-36.33353216696009,3.22439205158986,-8.42551572386497
-36.34201017336271,3.229637349004802,-8.430223325405962
-36.34955792842043,3.2345351152048516,-8.433176630004041
-36.36166330236543,3.2344032010446,-8.431646318862036
-36.37252216636001,3.234257399198177,-8.429232660596831
-36.38016315504915,3.24020359692288,-8.42854816610235
-36.39037442180379,3.2415225316380503,-8.42878103126246
-36.40472920909506,3.2351009184682566,-8.428846079490231
-36.41575399637234,3.2320088848664215,-8.428023113810733
-36.42483504974193,3.2333889941679503,-8.429462742027626
-36.43630293156989,3.2297004525188493,-8.422705847663234
-36.43847663863312,3.2292974877874956,-8.41949338631543
-36.443812686412,3.229222987042124,-8.410445433615543
-36.44006348795764,3.2291542195491005,-8.390080427637812
-36.434895235297,3.2303054885847367,-8.379980088967656
-36.42983596422297,3.2320863813945673,-8.37302584860096
-36.425316464436555,3.236405754662001,-8.372371719887306
-36.42159678065496,3.2365413303211517,-8.374923605158429
-36.414492941481235,3.2355168188899404,-8.381426393935236
-36.41630845942284,3.238999959579493,-8.391068978035003
-36.41245629300768,3.237348832956635,-8.400952858619625
-36.40777238955911,3.2346999225997637,-8.408595759948557
