-41.12898420333491,-3.1399197809785035,-7.236552152680147
-41.11389762067486,-3.1855850135410493,-7.229073769211533
-41.10160099299391,-3.215350668651001,-7.2259347116880015
-41.08791457056022,-3.2483076124003585,-7.221344277181529
-41.07006916870111,-3.2829064193515185,-7.216089762985466
-41.03463802594568,-3.3363703281291435,-7.202573047960887
-41.02090370176794,-3.3608971048564804,-7.208900955152387
-40.98785529467868,-3.39200198042531,-7.2085727628891805
-40.9717197434341,-3.396645863770494,-7.208203956362415
-40.95443839557425,-3.4061622658435144,-7.219677997032093
-40.95443839557425,-3.4061622658435144,-7.219677997032093
-40.92029151332682,-3.3958485504331666,-7.216294389069632
-40.902960889413066,-3.388610553265189,-7.216220892599922
-40.889621654794794,-3.375247668248664,-7.219396847530587
-40.87171761720419,-3.3577582183544776,-7.215781391780108
-40.84958481294266,-3.3439665309986455,-7.205676586037516
-40.84022617498437,-3.3226201124366033,-7.20735259041626
-40.82580754323758,-3.305885626982094,-7.202413303665961
-40.81167626715114,-3.2923915355927758,-7.195702990031573
-40.778009210283535,-3.276982017732305,-7.175065277573382
-40.7547244527392,-3.2676541555948835,-7.165566356569376
-40.7547244527392,-3.2676541555948835,-7.165566356569376
-40.73229276454847,-3.266366092548322,-7.157596843288882
-40.71601662602742,-3.265249297739833,-7.1527376970854215
-40.69423765880213,-3.270026552252509,-7.148693972350333
-40.6907568132387,-3.2725389106675205,-7.151013661561351
-40.66287755870908,-3.279170516890694,-7.149571913755876
-40.66287755870908,-3.279170516890694,-7.149571913755876
-40.64635622589547,-3.286237042865638,-7.15312593548159
-40.61485870818021,-3.2950158564283987,-7.167504538020457
-40.596360878799906,-3.2989228541178437,-7.178537476920208
-40.5786021871312,-3.296736936112373,-7.190186017430823
-40.55749327468652,-3.290974489892169,-7.202157789895783
-40.51982258185847,-3.2809714361726656,-7.215021979014618
-40.50224787160852,-3.274383691185322,-7.218382492352661
-40.50126152177882,-3.268472272760567,-7.221031295060047
-40.470393205699885,-3.2535490362432493,-7.222567091613085
-40.45676387258151,-3.2450548583221055,-7.2214069309777145
-40.44354572049866,-3.237399731044766,-7.220108264428037
-40.43356955358793,-3.2368232872377605,-7.21645549663047
-40.42306377495722,-3.233894550749816,-7.215264073802924
-40.41239424293573,-3.231611742385086,-7.2144694682822985
-40.40246765667158,-3.227629996294878,-7.209053023659693
-40.39202832824384,-3.2269463302947137,-7.205168819879811
-40.37730034325947,-3.2280679763779156,-7.199676158041916
-40.3611695414731,-3.2334074313317767,-7.193331668267389
-40.34148127026052,-3.239691915565006,-7.1897737159984585
-40.318748771246774,-3.243073804983724,-7.189267211684298
-40.29530369901248,-3.245851302362492,-7.18885568342941
-40.272911818028,-3.252965717145816,-7.183173221705309
-40.25281697296794,-3.261416572366465,-7.178149398276203
-40.23628871062336,-3.271957939348992,-7.172099979884157
-40.23233353418172,-3.270718664552947,-7.171527383969914
-40.21614729911275,-3.286169012067168,-7.166331777816869
-40.210781184937936,-3.2896850511971345,-7.165372653820501
-40.2126852224353,-3.289688580558719,-7.163854147778148
-40.21015247819081,-3.2912311574682,-7.162308110595346
-40.20468190872285,-3.2919167400496234,-7.1631557292439325
-40.20402962171307,-3.286979681021806,-7.164359086517726
-40.205279254569,-3.286920219694915,-7.161103147576946
-40.18505781624984,-3.266114010818444,-7.192812725918208
-40.170972821505494,-3.253664093780727,-7.212879698239046
-40.156040694326244,-3.2412154524111023,-7.234960736468737
-40.14014411223812,-3.2326726298381785,-7.252567651415923
-40.11966182642605,-3.224071900256454,-7.269586365043531
-40.10101069918263,-3.2128130897250324,-7.288844660115487
-40.10268957759755,-3.216886073196248,-7.285040543662171
-40.08286344420886,-3.2008308723499472,-7.308737155683366
-40.062360285302674,-3.178006339992577,-7.335037549127366
-40.03084287423224,-3.1354842803189387,-7.366935052410877
-40.02101147589498,-3.121135717731418,-7.36991929233072
-40.00724883585938,-3.107535660665845,-7.377179712769163
-40.02065911607497,-3.1136896281064894,-7.366564546403851
-40.01362241758925,-3.1059802693425937,-7.373455632569067
-39.99892535965303,-3.081308220986917,-7.397318241643409
-39.99938884715634,-3.0732707771697996,-7.399683549962118
-39.99747641845927,-3.0618376231011695,-7.406530853624584
-40.00017998725392,-3.0579866946037937,-7.409515049380516
-39.999593477305964,-3.0535302336253567,-7.417471486842463
-40.00120576361252,-3.052052333069834,-7.421837152791769
-40.003451663452346,-3.047763945180521,-7.426559127985447
-40.007295628521035,-3.031418284444128,-7.432612845298759
-40.00914118082437,-3.0179403659898747,-7.436934539225754
-40.012509590650964,-3.0219443975941362,-7.435545738424229
-40.01594981136305,-2.9942294406712167,-7.443739941541889
-40.026274978136826,-2.9841026382280957,-7.446071127121102
-40.03288490294844,-2.977394790686676,-7.4474919695574116
-40.03740934117275,-2.9721004138875418,-7.447807657312336
-40.03584569991494,-2.964873409024192,-7.452268629222828
-40.04652270050869,-2.9661789280429773,-7.4476036549783
-40.04406475630625,-2.9518880219837693,-7.453457548804635
-40.03764762314083,-2.9440710256849747,-7.457325222154597
-40.03093933888261,-2.935160401234624,-7.461600880699062
-40.02103161706302,-2.9250403769001077,-7.466461934274599
-40.01468782451355,-2.919358444863982,-7.470967346621252
-40.0267017662437,-2.927138105381982,-7.466240757376693
-40.00927493553185,-2.9057973469967027,-7.493082999086514
-39.99764441175289,-2.8977263638878346,-7.509201703862615
-39.99240820565356,-2.8881415466714246,-7.528590695193492
-39.991939899965445,-2.8796476570799543,-7.5503797284413805
-39.993072627968246,-2.8685810001212295,-7.571164894545823
-39.997466573110415,-2.870453295388097,-7.570336787697056
-40.00339426611199,-2.8528679107272934,-7.59860359430123
-40.00812913659766,-2.847341881271649,-7.603358457472443
-40.01256899275521,-2.8430706718363545,-7.605103442255986
-40.01865690692711,-2.8359430114209294,-7.602185243713945
-40.02938716049811,-2.8290290637626962,-7.59815986234357
-40.03193431933559,-2.829179610910829,-7.597483027702766
-40.0498685647776,-2.8167609400779114,-7.600720559316934
-40.066988389499784,-2.8008629313321363,-7.6111529158131495
-40.08317655367899,-2.7848398049281933,-7.63031073689059
-40.09787995425817,-2.775569629818696,-7.6441265556837035
-40.098615603227834,-2.769897552751606,-7.652491534075826
-40.13884236423605,-2.7496981279398565,-7.69434859098212
-40.158690838318215,-2.737826111542497,-7.718680806728204
-40.17703648531384,-2.727741122734254,-7.739841562435687
-40.20760090996142,-2.7209195180341457,-7.760522276081131
-40.225678099564746,-2.721298635665762,-7.759918788383307
-40.24639599391984,-2.718465262187799,-7.756720739122164
-40.26741051709138,-2.7224021827136458,-7.7435728316645465
-40.26446159509735,-2.7164173207573765,-7.7497414339947985
-40.313124043503116,-2.7355500507528943,-7.688647722979644
-40.33802005314663,-2.7448890760520506,-7.652689922870438
-40.36196113210999,-2.7518398179802195,-7.624154313276236
-40.38371305088059,-2.7544266503300783,-7.60150796428323
-40.400223474717755,-2.7594424402182463,-7.583237787030482
-40.400223474717755,-2.7594424402182463,-7.583237787030482
-40.41089205906804,-2.76404927462124,-7.566063611214997
-40.43173225537204,-2.7657562042162844,-7.55886212889538
-40.43872492027128,-2.7609093073953814,-7.567299324157827
-40.442065573086566,-2.7541849221335997,-7.57912714116314
-40.44173550233802,-2.746903018520981,-7.591748030993515
-40.445919293269355,-2.745303485171464,-7.593769199151732
-40.44218842525467,-2.7388663988092956,-7.606814295430919
-40.42853066746476,-2.7308047471794494,-7.618887993510385
-40.426509723859915,-2.7155282372679395,-7.6396826208168935
-40.38854598327426,-2.702985386311094,-7.663569389579194
-40.3708959098963,-2.697063091630508,-7.674570062889654
-40.37830786201625,-2.6974688759020613,-7.670151650611637
-40.34152635031648,-2.6898353875622614,-7.676992330934242
-40.326336703658285,-2.6843013369704765,-7.67339236503718
-40.31989253909236,-2.6830181889491316,-7.664351601243492
-40.295881665852335,-2.6791945974921374,-7.661599594044227
-40.28098081497991,-2.6793920615495845,-7.652976006590256
-40.26569895774549,-2.6788801658121475,-7.647304873958982
-40.24415329560238,-2.68083568653543,-7.646439928404877
-40.22208619681753,-2.6860510350891453,-7.647407152009175
-40.20496835867206,-2.695200706965158,-7.6450844486634795
-40.19116330700096,-2.709959151061666,-7.636588405255441
-40.18323743369094,-2.72536302820243,-7.6299770508379545
-40.17214256781236,-2.734577807265835,-7.627427099615545
-40.15683599330404,-2.7378003840673064,-7.625551707300019
-40.15033907980094,-2.7532540546473476,-7.617050358986941
-40.13870402926081,-2.757624474796104,-7.612565743816935
-40.12701531070167,-2.7647868609934796,-7.60754209124702
-40.11301481416888,-2.762377379981062,-7.610618876564901
-40.10512157771368,-2.766754616055829,-7.6104214041570994
-40.105838460809224,-2.7742205478430377,-7.606584733213108
-40.093525158256384,-2.7670977967638346,-7.619345100524423
-40.09430147799288,-2.7735282434783683,-7.617817075017813
-40.07872287417221,-2.748841391944999,-7.6683501643353384
-40.06982086412928,-2.7376649111474505,-7.700871966423513
-40.05183664014244,-2.723448612324895,-7.738377608215154
-40.00852568117741,-2.705897060362724,-7.811483586273511
-39.978432992006574,-2.6955929520733046,-7.842902264689165
-39.95694716305062,-2.6892698946745575,-7.865667822841541
-39.94125217169726,-2.680156841847398,-7.884796665651827
-39.929051575818306,-2.667378034462761,-7.900928473424925
-39.919345954730474,-2.653088470126016,-7.914566416077141
-39.92446406623164,-2.65623473141031,-7.9116398188229216
-39.91345289769204,-2.636277124078476,-7.926891929403406
-39.900683204863356,-2.6158957723543392,-7.935456276702035
-39.90123894478389,-2.6177063437490604,-7.930358809557657
-39.86755099786239,-2.584334372607482,-7.966743431019671
-39.85079516937836,-2.5742156528437765,-7.986546660877909
-39.835238043678146,-2.5660938136589277,-8.00837526673111
-39.8206606870343,-2.5591259410871943,-8.029118650903806
-39.81703469825088,-2.544984321894125,-8.044490516338781
-39.81985317477916,-2.53897521226008,-8.04313626829502
-39.813221805775264,-2.5221172301113453,-8.068919586732145
-39.81157082633329,-2.5189603620053456,-8.076935771773194
-39.811294523125156,-2.5164082750647667,-8.083231103280584
-39.81748597319388,-2.5012909475368144,-8.080033635881005
-39.8198785636751,-2.4934947142076975,-8.077505780636653
-39.819047378899825,-2.486985835101383,-8.076946490853723
-39.814151750658354,-2.49088763590226,-8.072408018010883
-39.808935243292034,-2.4875365209838898,-8.06663169199073
-39.8000859006093,-2.4923879695699287,-8.053932470236596
-39.795943452247556,-2.493249713011807,-8.049918083775951
-39.79253238157375,-2.4970010474256035,-8.048110309516229
-39.791879483096196,-2.510210070385077,-8.047234693950074
-39.79252287206516,-2.515123988301236,-8.047050079608747
-39.79943891103446,-2.5250240442741494,-8.043896797099718
-39.81325725846388,-2.5373087404374672,-8.034601462930278
-39.80646522674083,-2.5253986665443326,-8.04180271238426
-39.80072283243734,-2.5161470622638387,-8.050837164142203
-39.81956909137891,-2.526452635266778,-8.037996736067218
-39.829131330847446,-2.5241051900910603,-8.037214577688076
-39.834251268567726,-2.5190448959807843,-8.037302799618598
-39.84658275211224,-2.5186990549956243,-8.033793057648593
-39.85769179950037,-2.516216636613383,-8.031407684226902
-39.849673680072584,-2.5107837177465777,-8.036730865370819
-39.85212551134993,-2.5029083304202633,-8.041092319567785
-39.85583114936171,-2.496794433239579,-8.042366207597807
-39.857793514452574,-2.4910190345095846,-8.044425230425386
-39.86541499644521,-2.4763161526687227,-8.039744273038165
-39.860163572104106,-2.4679959309056185,-8.042777146587182
-39.85674206281535,-2.469428185942429,-8.043594533684706
-39.85674206281535,-2.469428185942429,-8.043594533684706
-39.836425987141126,-2.4396447692764025,-8.045261486940095
-39.8297587708503,-2.44320016712032,-8.047221275444443
-39.82058899342455,-2.432237935179579,-8.045621565070801
-39.795231478086414,-2.4165989949915825,-8.035196604011832
-39.78029104549407,-2.4121506687319063,-8.032256435483658
-39.76892509424594,-2.4079608819208453,-8.02828133877778
-39.75607679257064,-2.3981639156140786,-8.026658456333978
-39.743357694999375,-2.396195903071044,-8.02440059642258
-39.727240715411504,-2.3895137761609235,-8.021442999862845
-39.71015490618311,-2.386300720116082,-8.01637375824787
-39.71235901484135,-2.3921887499139096,-8.014820056967968
-39.67100366765583,-2.3840151671996503,-7.999515716221783
-39.65082272154552,-2.3794033537135424,-7.992516283871565
-39.628913390000434,-2.372393174709448,-7.989030421158103
-39.628913390000434,-2.372393174709448,-7.989030421158103
-39.59126886070999,-2.3617652666217137,-7.981326717603479
-39.57561535665073,-2.3582199073045307,-7.97863214934798
-39.548456553282335,-2.356322352249425,-7.971703269039664
-39.53682281746073,-2.3590775423432686,-7.96584296021845
-39.5299259762555,-2.3605189427576208,-7.95962351996087
-39.52440507982492,-2.362328742162919,-7.952050156379227
-39.52440507982492,-2.362328742162919,-7.952050156379227
-39.52401294479842,-2.3618963900985395,-7.946653831779792
-39.52762067544227,-2.3617395634321188,-7.943415137924583
-39.530188656738,-2.358015965041402,-7.941676596153095
-39.53513294009492,-2.3544906927535614,-7.9401374206193465
-39.538350746270005,-2.351471012318208,-7.940741941722108
-39.54198662564286,-2.3496692533019656,-7.942254378352852
-39.53939327199368,-2.3478428774791067,-7.941507406628592
-39.53874818064263,-2.3404755341308037,-7.942469865347335
-39.53612641383671,-2.3335406217515056,-7.94144485587238
-39.53099355582493,-2.326408442776394,-7.940282313476599
-39.542905189271444,-2.316652519786247,-7.939467277751753
-39.54598945744112,-2.3151190185796766,-7.9377903014582945
-39.534847396993264,-2.3158266621131083,-7.942364840193211
-39.55797964027202,-2.3114532329308264,-7.932666718844006
-39.56816303363553,-2.308443888437148,-7.929971147781498
-39.58188898326297,-2.3020054962136522,-7.924276642622323
-39.59316356285894,-2.294584902398825,-7.9135520204808545
-39.59316356285894,-2.294584902398825,-7.9135520204808545
-39.596286974292546,-2.28705938908103,-7.9008962627631005
-39.59418025008925,-2.2873653216609178,-7.900869896894658
-39.59336130390662,-2.271095687509275,-7.8804422136615315
-39.589506530714054,-2.2574172111627524,-7.864088578471169
-39.59030816751012,-2.2487795611445947,-7.863045344412088
-39.594806750282594,-2.2444314233061315,-7.862303776720604
-39.59012113107913,-2.2445604449496037,-7.865809405946471
-39.59364212684602,-2.2373895052298844,-7.865599133662044
-39.59771082373494,-2.229825537774861,-7.86505795895033
-39.603506543932205,-2.2210106323301098,-7.864678253051692
-39.61406334733755,-2.2137922862471955,-7.862674148538629
-39.62378692332252,-2.207488572113348,-7.86091754682654
-39.63677541789618,-2.200145588909295,-7.859585521563395
-39.64881919909141,-2.19533132473751,-7.8574642624487545
-39.65728232612394,-2.188662760446725,-7.852997526475983
-39.661525454504265,-2.181026700604166,-7.845152498171386
-39.656540052973924,-2.1803974970320574,-7.846520468812208
-39.6565512717356,-2.170507915431561,-7.836043370043464
-39.65951008188778,-2.1511452628388934,-7.816920157242966
-39.65407005525208,-2.1481401662583743,-7.819913182256937
-39.65003796414711,-2.1430866984657193,-7.817823489038668
-39.64977127597799,-2.1406754008649918,-7.818772602490592
-39.647326971356456,-2.138583881049233,-7.82251437742682
-39.64646353978475,-2.1360978329353455,-7.826421253131332
-39.65364847881553,-2.1339830813861638,-7.825532513721273
-39.65737395672677,-2.1278914067511145,-7.829957246635049
-39.66553186494985,-2.1111277178297922,-7.836553036199958
-39.67521754657341,-2.098449132169498,-7.838947054394742
-39.685613428708855,-2.08932067651765,-7.83973030709932
-39.69500894860253,-2.0825731924914885,-7.838222329076512
-39.70606180589182,-2.0741572928074854,-7.825139320009715
-39.71264275704439,-2.069788272498475,-7.814515557962507
-39.71420223416024,-2.0671036057196868,-7.820477152987682
-39.7160589980702,-2.0629886925885876,-7.811157432459453
-39.71681216588271,-2.058556177297847,-7.802904783533519
-39.71787782133952,-2.0524010858549033,-7.796467189539353
-39.7185151322396,-2.0484852283002293,-7.789939071657502
-39.72093502152992,-2.0461437092848795,-7.784978846539171
-39.72508278813205,-2.0413183708216036,-7.781317544242818
-39.728463646298636,-2.035898416177681,-7.778001464967181
-39.733056731777026,-2.023179535613985,-7.772173891595039
-39.73612101678954,-2.012876266689383,-7.762859416594123
-39.73612101678954,-2.012876266689383,-7.762859416594123
-39.74830007746413,-1.9944302045250228,-7.752658893074592
-39.74417588304754,-1.994391571954072,-7.758367023517511
-39.75396600898471,-1.9732531854545734,-7.748687392536299
-39.74875700736585,-1.973390242214378,-7.75322916167418
-39.76335666006444,-1.9475054600753645,-7.749858385173773
-39.76901036704354,-1.935908016375566,-7.746769509231866
-39.76534177308119,-1.9381552909807942,-7.751699830192813
-39.76783065147893,-1.9262370119777277,-7.752206431461679
-39.76618052428539,-1.927592188780324,-7.754428496804834
-39.77110381653941,-1.9046123533672596,-7.745101294993846
-39.77610069088359,-1.8930750018114717,-7.742889511151651
-39.785025059414664,-1.8775103828539892,-7.7413721171189716
-39.787167981946375,-1.8648933100042582,-7.745111400519779
-39.79169409962434,-1.8506391839927927,-7.745892643915322
-39.79500647705584,-1.8388092949145518,-7.74662617371278
-39.79635914912756,-1.8398706548293988,-7.748447957743249
-39.801182799371794,-1.8198318908000937,-7.747498444111313
-39.804674130864356,-1.81307417366931,-7.747269818448362
-39.80625021822834,-1.8050356500510536,-7.744897488212194
-39.81021882337758,-1.7978179496258793,-7.740916113162517
-39.81905539647133,-1.7811638077819956,-7.729822257755292
-39.82054034589529,-1.7719984932555126,-7.72729199871173
-39.82159986420475,-1.76416342749977,-7.7244069193094544
-39.817686404334225,-1.7629863314049867,-7.727435964573625
-39.81877573964894,-1.7593398627098593,-7.724508750301619
-39.818999885955925,-1.7543992853447181,-7.720767327618564
-39.81377131473746,-1.755763215954581,-7.722734493939404
-39.80997294731993,-1.756669271343223,-7.7172132098897155
-39.80814465715225,-1.7568416280525505,-7.716902658492467
-39.80430431782124,-1.7538686497160718,-7.709306714437319
-39.800026335486656,-1.7471793217288905,-7.691873609444257
-39.79573891277963,-1.7424563523211716,-7.679762262414087
-39.79496676420532,-1.7384266444170986,-7.667374254000144
-39.79347988586072,-1.7344900075899359,-7.6587914158269506
-39.79232317923379,-1.7277169949303484,-7.654497834664292
-39.790649347622505,-1.7203326692130907,-7.653209130354371
-39.78627598276107,-1.7153179534370924,-7.657021587760713
-39.78273829670352,-1.7088754321963138,-7.661076110340299
-39.77774643724473,-1.7044230076055755,-7.667646043052177
-39.771316084445694,-1.7000602909707083,-7.674346662688608
-39.759856296938274,-1.698540345381877,-7.686977529245837
-39.758851408707876,-1.6993214947681379,-7.694004320335249
-39.757448371968906,-1.698975839867105,-7.698161725499265
-39.757448371968906,-1.698975839867105,-7.698161725499265
-39.75458664985942,-1.700488239243376,-7.70361407135752
-39.75149966493829,-1.6987454866970984,-7.702064082986699
-39.754451800354744,-1.6979756683534954,-7.701540200344678
-39.76350306671598,-1.6996282345671554,-7.698300418236452
-39.76982413084104,-1.7049061270056862,-7.699423492081465
-39.7680921511935,-1.703229290919653,-7.696088385800705
-39.76216531877919,-1.7066586045849597,-7.690956477613255
-39.755186032075635,-1.72169445957799,-7.6899787700353865
-39.74790262105042,-1.7290430006405906,-7.687998009683723
-39.73920590026301,-1.7356883196318953,-7.685454006965459
-39.737811985480995,-1.7414917521779627,-7.683390592677206
-39.73686187520524,-1.7408821132900807,-7.684615063795448
-39.73501247839738,-1.7396538631546496,-7.6831217125630795
-39.73554315169366,-1.7423490251753821,-7.678299236903384
-39.73800643644813,-1.7446841835563658,-7.67081490934055
-39.74786836021496,-1.7527611886400665,-7.657065249078402
-39.756346499961566,-1.7540736264552723,-7.654358644273882
-39.756346499961566,-1.7540736264552723,-7.654358644273882
-39.759660319584526,-1.7569024069292567,-7.6529389995802175
-39.77036902798868,-1.7518770535445465,-7.66363763326916
-39.774006706753454,-1.7477323560179654,-7.66978413471839
-39.77973375383394,-1.7465279256573887,-7.674980052831535
-39.785531537305715,-1.7393251098834024,-7.679408596719823
-39.80419146595968,-1.7236049092760264,-7.688765637104193
-39.80119858069539,-1.7211975317293504,-7.687667772512272
-39.819421374314636,-1.708239815727143,-7.6916494861815075
-39.8306115659383,-1.7023185552673443,-7.694826061282652
-39.84211978053598,-1.7003379035700443,-7.698693403314971
-39.85171723423743,-1.697099009105471,-7.7035084716502125
-39.86039869583408,-1.6995557682355718,-7.700727118356052
-39.85838402030462,-1.6986391250867716,-7.701026645121947
-39.871293060606526,-1.7002536989927963,-7.688124136956101
-39.87817017243708,-1.7002267151314856,-7.6841628105899575
-39.88059959804862,-1.7058283338251545,-7.680311803355151
-39.879657621828876,-1.7103629165020742,-7.678980763723637
-39.88587969608831,-1.7173984691295114,-7.6814347756760695
-39.886505597500566,-1.7152466179667887,-7.683297446335523
-39.89394223352742,-1.722750771521198,-7.684716590610534
-39.90790253087606,-1.726322249656882,-7.69098012402073
-39.91752492821638,-1.7215493119449738,-7.69705399300139
-39.92602990351946,-1.7215006486827502,-7.69811445239406
-39.93170650535893,-1.7249894924602192,-7.698679321630587
-39.933844818701075,-1.7218646294289333,-7.698719455473931
-39.94542508903839,-1.7227129395169536,-7.694666831742918
-39.95187025631332,-1.7175324927541584,-7.691636674597466
-39.958102881484606,-1.7207258772670921,-7.685801263213741
-39.968691578808325,-1.7225385547100893,-7.682686671110438
-39.97543846267387,-1.7314898719673135,-7.689501929961688
-39.9799029631859,-1.7285821177783167,-7.6908985922056115
-39.980969163183396,-1.726863360905791,-7.6911907039706175
-39.98638195411093,-1.7322716567814038,-7.694339698445673
-39.992123538873905,-1.7362743101229037,-7.696198417772686
-39.995725372050444,-1.740978665238907,-7.7001979309355
-39.999044505965074,-1.746463647556635,-7.710679593806243
-40.00039232202081,-1.7451929155473098,-7.712228793936685
-40.00253904615442,-1.744909514103347,-7.7218522637047995
-40.002247783847764,-1.7479241157693182,-7.729340732751722
-40.000689619247694,-1.7511747955039294,-7.734714007463354
-39.99673241489299,-1.7561068008225909,-7.738036199882516
-39.99540965227548,-1.7577079201647576,-7.7420531142428555
-39.99146850583878,-1.7616912704551209,-7.738186744209445
-39.99146850583878,-1.7616912704551209,-7.738186744209445
-39.99034473677528,-1.760449980588989,-7.741099465097011
-39.98684500124683,-1.7528224903401168,-7.739446016017986
-39.986808217780094,-1.7491990687932921,-7.736626022056021
-39.98491353012276,-1.742191024796755,-7.7289386121662975
-39.98629852729897,-1.736782613053764,-7.729139399162368
-39.98900689368454,-1.7300387668661263,-7.728166534974134
-39.99368869556963,-1.7229991466014298,-7.726779506816492
-40.001971334997485,-1.7172998079087518,-7.725519909336659
-40.00515240090044,-1.7124746888453033,-7.723920698301932
-40.013785519759686,-1.702562882837885,-7.725543956618446
-40.020960361346056,-1.6990257379602443,-7.7295149231692415
-40.0253673323327,-1.7028830890555529,-7.729033206652643
-40.03466115532856,-1.6984016764196161,-7.735577752242269
-40.04068682117583,-1.6985876439566845,-7.736098990724481
-40.0445940288543,-1.6974668407702174,-7.734057464429341
-40.04713949556799,-1.6965036010327366,-7.732100833821963
-40.05059928261005,-1.6962256098585926,-7.7298480219283086
-40.053523872801115,-1.6970378479705182,-7.729552070422225
-40.06106752230926,-1.691898925270526,-7.7271457330768225
-40.066135707024976,-1.6905999721402012,-7.726824435489041
-40.07114298298766,-1.6847849530269343,-7.72789441176954
-40.07651546678155,-1.6814781011675304,-7.730582738996067
-40.082387301222596,-1.6794381411135157,-7.7352775329970775
-40.08847012576158,-1.6800450575136876,-7.739509536207088
-40.09678706237675,-1.6794140415649854,-7.743931907374414
-40.105109202967654,-1.6788694574793352,-7.746306155911657
-40.11552564603998,-1.6774070654361963,-7.746267381371482
-40.12442092912513,-1.6765361676334904,-7.744195690581268
-40.13113027302219,-1.6757707919487155,-7.739999435893059
-40.137783611792884,-1.6726632329030564,-7.736709912196254
-40.1474745434522,-1.6684927917060015,-7.72703856185297
-40.15467548803956,-1.668489652023356,-7.721084741572165
-40.16235123960994,-1.6665740923621764,-7.713899017730703
-40.167980212689464,-1.6645662342488317,-7.708446748576257
-40.173862393711524,-1.6643043443095165,-7.707494546988734
-40.17621911535664,-1.6618673726037383,-7.711011176631119
-40.17726659707115,-1.6607333370866058,-7.716700762832385
-40.176709683480674,-1.6610311126896262,-7.724732216157099
-40.177673535007294,-1.6606699076271774,-7.7288129016444165
-40.17676421684421,-1.664334142703154,-7.729616811078501
-40.17640504084845,-1.6698029082448473,-7.729070213775273
-40.17386750731233,-1.675740599353823,-7.729062907440274
-40.17417306882347,-1.6778108274666315,-7.725883941341831
-40.1735867533974,-1.6800394761214268,-7.719163166906835
-40.168595437957656,-1.6846198524456164,-7.713371980940975
-40.17036953234244,-1.6851701542860689,-7.706461158755204
-40.16750742269204,-1.6867077464483002,-7.699684279896879
-40.16037791620594,-1.6942836243408086,-7.69468400651187
-40.15870277910654,-1.69019678772333,-7.691754058653825
-40.15624468544107,-1.6861974976176748,-7.689140051897074
-40.13638094086536,-1.7009598652158537,-7.684857269308786
-40.13118391884835,-1.7089688606431215,-7.685839551564835
-40.12641697775607,-1.7166670526725263,-7.686432410759115
-40.121835930243016,-1.723439284550569,-7.687100663268535
-40.11844612431461,-1.7204123326319964,-7.685793061300521
-40.112829413500116,-1.7298622054927455,-7.683509949393041
-40.10840192233578,-1.7276678007384116,-7.676068871230291
-40.10964602936568,-1.7257313902475553,-7.676645932995077
-40.1168448752137,-1.7316512348742774,-7.664770404625193
-40.12582597973776,-1.7307996245351913,-7.6598865330328625
-40.12491633238122,-1.7284683712029365,-7.6582498647269475
-40.15326737203901,-1.7365431642773677,-7.653057345693759
-40.16962089052286,-1.7381898963267026,-7.65327411140463
-40.187009777222706,-1.7393374350722661,-7.6554173021373035
-40.204669310164135,-1.7393850378142044,-7.660019848348007
-40.22337968955511,-1.7406820912861107,-7.665760009484627
-40.22361367163751,-1.7413247946126955,-7.6668770575256735
-40.26954485448774,-1.7413999326476912,-7.677909035472428
-40.29701598837756,-1.741414107990225,-7.685347151766556
-40.320337381482084,-1.739974247719784,-7.69450818161852
-40.33684974868664,-1.7398215532843544,-7.7038942412807785
-40.34513761679603,-1.74082766907383,-7.711043766152449
-40.3440645078784,-1.74042722909986,-7.714104934683469
-40.33292542876042,-1.738686208637226,-7.721189966633769
-40.314331677938576,-1.7341529604387378,-7.721156348298339
-40.29243390514713,-1.7297171542190863,-7.720989651605603
-40.267681350078774,-1.7261134219628345,-7.723002061113636
-40.2430052533573,-1.7259411936604125,-7.727357117125131
-40.22385902655561,-1.727465637046295,-7.731710619336076
-40.20582748323923,-1.731340786769995,-7.73449694289296
-40.18582062914242,-1.72941619635218,-7.737650258111221
-40.17513360279423,-1.725090788346221,-7.739822173819079
-40.16745385185773,-1.721066492753781,-7.739580282961096
-40.1593414294468,-1.7210396533097032,-7.739176398054206
-40.156028303791565,-1.7180486997730322,-7.737589106866826
-40.15732080045995,-1.7152968028992444,-7.729133001210757
-40.150436882729274,-1.721405841139545,-7.71867553643671
-40.148673781052494,-1.7251332525012453,-7.70118193251659
-40.14907641894877,-1.7268375804147993,-7.680093696694947
-40.147482723009865,-1.7331859828557636,-7.662497861644815
-40.15021268963542,-1.738412738957988,-7.6483390851772945
-40.15177789205236,-1.748291154275353,-7.636644268679973
-40.15342215286872,-1.7578374147286457,-7.630565323399949
-40.15694893240153,-1.7638763352140268,-7.631873825583969
-40.15979706961932,-1.7693592792839994,-7.6396551613920245
-40.160166930631846,-1.7722721059846247,-7.652378797327422
-40.158798352092084,-1.7740282282353983,-7.666594511883025
-40.15898508274045,-1.7709693304217002,-7.669214541242525
-40.15746712896694,-1.7705693045665856,-7.686584720163567
-40.15473483298947,-1.7706560232927697,-7.706477840238495
-40.15063247980815,-1.7637005221721873,-7.734280963335694
-40.14401478158566,-1.7576186326130014,-7.7597333515863145
-40.13587233060287,-1.7504124405319814,-7.783397408966888
-40.12791152581577,-1.7472205490807753,-7.8031361685703455
-40.116208923234865,-1.7406510777685544,-7.803827353669274
-40.08842477555022,-1.7305196623463248,-7.829871943445844
-40.07888618990725,-1.7240569220630326,-7.830370105714064
-40.05307369914278,-1.7293011337841333,-7.825725054962034
-40.04942314446384,-1.7285223463678778,-7.826699803489328
-40.03480195282246,-1.7283673163391138,-7.819608615945685
-40.02428630918427,-1.7281444388412395,-7.810844977568419
-40.02494565128482,-1.7273428906988613,-7.811200083019103
-40.01304063075375,-1.7310947576312739,-7.797094507413769
-40.00669137929547,-1.7350846780006177,-7.793718947178133
-39.99939193677434,-1.7404512690037537,-7.791041838492549
-39.993551755500185,-1.7436555214532816,-7.787654678430491
-39.98766328261513,-1.752158657521974,-7.780951817877646
-39.97820938397343,-1.758810002382866,-7.772285825772962
-39.979673727639955,-1.7595887896173719,-7.772718883943609
-39.97661119528566,-1.7617947400544525,-7.772544918028772
-39.97702043705697,-1.7639578302418062,-7.778270823091907
-39.97712712870712,-1.761332260751101,-7.781615787215144
-39.97811745655121,-1.7624369724467888,-7.784097943278542
-39.98411583135734,-1.7583134035657886,-7.786361554690861
-39.98938147608463,-1.7537947674710328,-7.787025974534285
-39.9950975458283,-1.7513043003345716,-7.789511499798366
-40.00374150677955,-1.7437919125310826,-7.7940648252299365
-40.01416945737697,-1.7361207152609428,-7.7983395559485365
-40.01027831904066,-1.7384950668549255,-7.7998833613077485
-40.01027831904066,-1.7384950668549255,-7.7998833613077485
-40.01808297523033,-1.7347978435955969,-7.804901160507265
-40.01626414312999,-1.7364543476976197,-7.805091567979487
-40.01999839210682,-1.733684447486977,-7.809874609017098
-40.03407822993351,-1.7276566785304908,-7.8131141056157585
-40.04375372454655,-1.713652198680532,-7.815055904375569
-40.04073212838968,-1.7162510805835565,-7.812906627396992
-40.043688744870465,-1.7091968639639115,-7.81638053522968
-40.05351715610019,-1.6941882563441752,-7.8274640190188975
-40.05444974074723,-1.6861662991899464,-7.835373564859713
-40.05152987823719,-1.6786877661155708,-7.842289890717711
-40.04489519403574,-1.6707848806884096,-7.848839450695091
-40.04304589443669,-1.6711325792654632,-7.847335498416293
-40.034978738595676,-1.6681726067127347,-7.852680079096967
-40.03343773770213,-1.6677633806268077,-7.85202233024315
-40.021859956989545,-1.6687105189101032,-7.8586210481271985
-40.022306368995345,-1.6668427387353033,-7.858774163473698
-40.01692471983609,-1.6702630650006598,-7.858195429426236
-40.01382942849388,-1.6768250692459299,-7.855737836301545
-40.010698725922666,-1.6861431927111694,-7.842144566498976
-40.007361813347146,-1.688979134125243,-7.8337848537955
-40.00215884918244,-1.6942580821970734,-7.8239215206896295
-39.99793445719327,-1.695338713546079,-7.825822427450254
-39.993376159341075,-1.698163558112804,-7.832087762660963
-39.98869576907546,-1.7002949585914346,-7.844653845472269
-39.98212851796429,-1.707378384190583,-7.859176911056092
-39.97342978816825,-1.716257026639541,-7.872071482649468
-39.96593638190342,-1.7244589642465888,-7.881427603881217
-39.9565341795622,-1.7250428415975494,-7.887964038161651
-39.95463751177542,-1.7241886119794725,-7.889268321170554
-39.94962537855778,-1.7186696613743864,-7.8852404677878924
-39.94514856836979,-1.7120745083956388,-7.87933437825803
-39.939495319821894,-1.7086628419431253,-7.858895864744068
-39.93553125306218,-1.7086391250335922,-7.857555127619855
-39.93430844054715,-1.7058686549922284,-7.850269025459312
-39.93925909280986,-1.7031302509215729,-7.846774618151578
-39.940668534459626,-1.7013469451979275,-7.845352718573776
-39.94167529808188,-1.7006768252582405,-7.84641937997052
-39.94412972293473,-1.701936664216905,-7.852308495412547
-39.94745224511376,-1.7029409565513551,-7.854434579325665
-39.95196377697334,-1.699494965157618,-7.8560578420782905
-39.95576159753589,-1.694850361076657,-7.855511647330157
-39.96396721609118,-1.6947464076275056,-7.856037930925072
-39.97074669296478,-1.686880769610038,-7.857483753065623
-39.98592864198625,-1.680960405604487,-7.859148432005159
-39.99182740731298,-1.6811196808654063,-7.862765039356043
-39.99697336104629,-1.678163353432967,-7.8652123014739574
-40.000308423023014,-1.6744613804055901,-7.862643530911737
-39.99833588096618,-1.6773004606166138,-7.862314605110461
-39.996687395163065,-1.6753554072738455,-7.855573141825815
-39.997604310123265,-1.6700095796494832,-7.842665878157635
-39.98686221747174,-1.6717984377296475,-7.841496711304702
-39.99322805995895,-1.6743860056786766,-7.845060853891891
-40.00126475426899,-1.675759901098388,-7.8507612112950635
-39.99771489095746,-1.6758459071681167,-7.852578402678258
-40.00559094239438,-1.674104487437146,-7.860982731141976
-40.014443390767035,-1.6712870366751265,-7.869974263177917
-40.024037129604004,-1.6640768136930937,-7.8788485033769415
-40.03258714878027,-1.6615792121021669,-7.882896033868093
-40.03878674960126,-1.6620588647421517,-7.886247049298152
-40.04847456182595,-1.6557194193634548,-7.88356033336943
-40.052857088281485,-1.6556149597245222,-7.880467148685927
-40.047798307618415,-1.6630988603190588,-7.864103312413759
-40.043564280228544,-1.670448369637056,-7.855696275916273
-40.04198216079195,-1.679082238659644,-7.84502134164371
-40.040645359733766,-1.6869377340030123,-7.838214281046542
-40.040645359733766,-1.6869377340030123,-7.838214281046542
-40.04403604423035,-1.704046155436063,-7.828947239685105
-40.04617407507991,-1.7123387471867995,-7.8263498521690815
-40.04722995616869,-1.7196045565472302,-7.826317974649598
-40.049661177642996,-1.7284418780422837,-7.82593832493505
-40.051210062243435,-1.7366747994645528,-7.826951702557915
-40.05447931578491,-1.7343558511168533,-7.828421120706184
-40.06032144746351,-1.7414430256682463,-7.8306792409702055
-40.06730098995053,-1.744913691482974,-7.83602313480353
-40.07916665808268,-1.756678805276764,-7.83147509777155
-40.08453905237891,-1.7551285399047958,-7.831962417539141
-40.08763508590324,-1.7514561973640024,-7.831763660135442
-40.089400695360695,-1.7401002663511063,-7.83805081751313
-40.09583813662419,-1.7331645827989737,-7.842890321992153
-40.095974874991896,-1.7233077213566386,-7.852242352120715
-40.09642750236774,-1.7136776407181662,-7.861585889646285
-40.0961032444364,-1.7035145433947372,-7.870801831271813
-40.092659110138264,-1.6949846051137178,-7.876909054984982
-40.08491334315525,-1.6830454134383968,-7.8825243870359225
-40.08079064841115,-1.6786919038804475,-7.882792059099505
-40.07792765880516,-1.6731575102190734,-7.881854806873538
-40.067592081045724,-1.6669074972777975,-7.8824558184500555
-40.06294674175247,-1.6631499996364867,-7.876538667287083
-40.05538931322766,-1.6603709022011393,-7.875574368181366
-40.0481171693963,-1.657927147189272,-7.877230438765897
-40.049855231866395,-1.662609861006975,-7.881611649346906
-40.04071606550468,-1.6548794958854494,-7.88404901635899
-40.013410547240284,-1.6461006926908137,-7.890159243592994
-40.019964298899055,-1.649886503944316,-7.888076485983201
-40.00481214905682,-1.645725276814148,-7.891832221310027
-39.97483830235015,-1.6395539286349097,-7.897078887744709
-39.97483830235015,-1.6395539286349097,-7.897078887744709
-39.96586861416267,-1.6381218822308068,-7.8973939062206
-39.97719671339352,-1.64335239428845,-7.892639873181641
-39.97078068672897,-1.6427338072415127,-7.889518445437594
-39.958715213179744,-1.6406165784535285,-7.881485717234228
-39.96406740233076,-1.6442278349762591,-7.878538819201081
-39.968651178768894,-1.6444721532703686,-7.871452906591602
-39.967575827506955,-1.6459708768546444,-7.868591134745314
-39.9660324707832,-1.6465546839227254,-7.87079769792946
-39.9649970696713,-1.6498162693166578,-7.868004640432231
-39.96011412174782,-1.6571293251180501,-7.859288329105965
-39.960780056604726,-1.6613801117817493,-7.852574697594793
-39.96410300114841,-1.665397693479126,-7.845143566805175
-39.96899546522928,-1.6683291236977065,-7.838517561252164
-39.9770781687836,-1.671697436116987,-7.828088864863242
-39.984123492856206,-1.6749360715506476,-7.819391381374084
-39.99068120897308,-1.6777285440792669,-7.811652266106797
-39.99314983272521,-1.6819571538218023,-7.802934703779396
-39.99314983272521,-1.6819571538218023,-7.802934703779396
-39.99815944868594,-1.6851150412949671,-7.800355638163414
-40.00318169218171,-1.6863885850382907,-7.8019931788417916
-40.010478281475336,-1.6873860832419774,-7.803359364325438
-40.008863467905606,-1.6873790595385734,-7.808210190226399
-40.00843096519904,-1.6888628102579848,-7.807993584488116
-40.00684132597027,-1.6902093612458828,-7.807668770062885
-40.00278023783527,-1.6912017628351377,-7.806787927984603
-39.9968580234758,-1.6912065873587905,-7.808426391031904
-39.995203201490064,-1.6914088872303505,-7.8069348437924155
-39.99428636959537,-1.686612985224429,-7.809511963476294
-39.98587905712436,-1.684078658872782,-7.811990564692577
-39.989036383298476,-1.6798719353919425,-7.810452816214327
-39.9861883254814,-1.6787108584953814,-7.809146097260095
-39.98246193345958,-1.67787821816804,-7.8068490038097265
-39.97483179262832,-1.6770675240361816,-7.804755591147329
-39.975750728502895,-1.6757929306822568,-7.799756783421966
-39.95969319675613,-1.6862684933197538,-7.79369804070338
-39.952731331549664,-1.6949225052141583,-7.792176516548876
-39.9534622912746,-1.6939298537658456,-7.7934620722084365
-39.94784951273885,-1.712482140519387,-7.788776705762991
-39.94736475987614,-1.7174990132129948,-7.78486649928386
-39.94840131834108,-1.7238088813193249,-7.781495170403339
-39.95028351273575,-1.7266669506012233,-7.781496886777459
-39.95757884780346,-1.7259113207910848,-7.784417060978011
-39.960067239466596,-1.7270995121190211,-7.793009081568494
-39.96900543187016,-1.7285085831999645,-7.7987265476604986
-39.971200416824125,-1.7289146329933314,-7.811508445931075
-39.97290216152341,-1.7293039660612073,-7.820323622912247
-39.97646172043228,-1.7324464630943561,-7.82480005637899
-39.97504430400882,-1.7323031856405966,-7.831079609648531
-39.97680716806619,-1.735022667311546,-7.8291480625382155
-39.97898030970409,-1.736528958234848,-7.832478052156847
-39.98077946059287,-1.7373772473821472,-7.832563304826807
-39.982411656367354,-1.7366199373539248,-7.829049156270958
-39.9863117790714,-1.7371034461213308,-7.819160483504624
-39.97896418117195,-1.732063023510873,-7.800549070625903
-39.984006072164235,-1.7356705390954914,-7.794187557900909
-39.97037660420727,-1.7321977940904658,-7.7772080882693775
-39.961817228719276,-1.7342034413978598,-7.765793030670731
-39.9508677391704,-1.7335880286490712,-7.756017663363737
-39.93350108276662,-1.7281533367596424,-7.749433130608968
-39.92025196859209,-1.7282928234678545,-7.743772187873056
-39.92025196859209,-1.7282928234678545,-7.743772187873056
-39.8927329714029,-1.7302338165076463,-7.742706679352322
-39.882325354581816,-1.7410047786084313,-7.742364820168985
-39.87415065675183,-1.7505867482173412,-7.74147120177064
-39.87011592350734,-1.7613081418215684,-7.7408419137211935
-39.8674211015048,-1.7641648567025496,-7.740234201163403
-39.86899967802446,-1.765256504162711,-7.740088318230673
-39.87438174892626,-1.7679836973453729,-7.739253788072522
-39.887586406273556,-1.7661022931372963,-7.73947322316197
-39.8912430411039,-1.7627729270973513,-7.742648007169952
-39.91153103143427,-1.7568332367034327,-7.751768965991473
-39.92659496777287,-1.7567304791649019,-7.754424732622338
-39.94628491561388,-1.7567207008226797,-7.752901344620374
-39.94628491561388,-1.7567207008226797,-7.752901344620374
-39.966847242470486,-1.763113970052447,-7.756703780189928
-39.97483956789548,-1.7684671128815865,-7.754844325199142
-39.980127105232214,-1.7757583170183389,-7.752166616288387
-39.98268559284243,-1.7798492817678628,-7.7511474456085425
-39.98353601863196,-1.7843860445746909,-7.746575784912368
-39.98381086062228,-1.7839977917758005,-7.7445680549774885
-39.98686375238794,-1.7857998152210437,-7.737412637563252
-39.982387298463024,-1.792972515085728,-7.736053684309284
-39.98525501426392,-1.794121133991553,-7.734266668992657
-39.988342853109664,-1.7945965051100423,-7.733212740007271
-39.98328898935874,-1.8025040037392819,-7.73856444493563
-39.978993301363225,-1.8087942189409918,-7.741685771504094
-39.973880061123474,-1.8144409851271588,-7.745734408417117
-39.98005269378921,-1.8145164235823885,-7.744994213469827
-39.96781168997762,-1.8202808479390093,-7.754496617795488
-39.95978921840621,-1.8228725678861264,-7.759402073532442
-39.956436481830536,-1.8223579634814813,-7.765229761204864
-39.95345230498522,-1.824193447041976,-7.771385095206093
-39.95633555212396,-1.8250780735834216,-7.772024753010303
-39.94990028300674,-1.8302921196140944,-7.781581613792975
-39.94865170402193,-1.8337022763064592,-7.786415653894381
-39.94784053805643,-1.832920033106172,-7.79004138832711
-39.94665068727822,-1.8326508169233664,-7.791226987989326
-39.944112919244176,-1.8330884878613996,-7.792080969115932
-39.94571928990115,-1.8336848369400138,-7.789948552370923
-39.93852952008768,-1.8334888297255119,-7.787100438179504
-39.94091231988493,-1.8345745438139955,-7.784020781543521
-39.94216362800913,-1.8345727649377772,-7.78366084316369
-39.94285406840816,-1.8351776627576493,-7.786316416263121
-39.94213041916091,-1.835800366706882,-7.792679441155612
-39.947159801388125,-1.8396448367832294,-7.799387423963224
-39.947632562719136,-1.8430315147586411,-7.8081085786229165
-39.94711711995555,-1.8505629649941273,-7.823799044071783
-39.94827619370907,-1.8526447890111244,-7.830765507078294
-39.95327079153855,-1.8550741797095318,-7.836340272982176
-39.96297389191306,-1.8607270232554378,-7.8462025327888005
-39.964375286756194,-1.8600065873976979,-7.845720801753071
-39.975674199981036,-1.8674318259990126,-7.8525270038466255
-39.98364061498498,-1.8712950956314849,-7.851817035013331
-39.99309075317874,-1.8775560941442815,-7.8503618224687415
-40.00239481000609,-1.8822105694228681,-7.84797677027272
-40.0122919837987,-1.8850633810154178,-7.84632224669599
-40.0122919837987,-1.8850633810154178,-7.84632224669599
-40.027472394178055,-1.8911946702277012,-7.84661513607537
-40.03039299503651,-1.894481136074376,-7.848889443577793
-40.031201866382425,-1.8946614349791642,-7.852246539503416
-40.0252087348503,-1.8944683637413804,-7.853698889283406
-40.02569406351382,-1.896092528032611,-7.858546713793283
-40.02058654600532,-1.8911989995655032,-7.858040362057353
-40.01496856697996,-1.8854371386762883,-7.85892152382484
-40.012817573737614,-1.881464811673812,-7.859560267531196
-40.01080596373103,-1.8816318868303434,-7.86648032542893
-40.009591558530154,-1.8767581390435357,-7.867093070486614
-40.008693217476335,-1.87831105917862,-7.869930405481992
-40.00817168084788,-1.8798624021323616,-7.8730878971943365
-40.01122103075441,-1.8850571126256868,-7.8652587362603406
-40.006119945713664,-1.8869681816756299,-7.857668444607815
-40.00402129764522,-1.884366243764552,-7.857719499465079
-40.00609138993653,-1.8876944401032754,-7.851432360636488
-40.009178828251365,-1.8925006772818904,-7.845128652758538
-40.00949124235949,-1.8951707629387038,-7.832011827752826
-40.00904764692574,-1.8926016051332897,-7.834454331821087
-40.00016487791855,-1.8975960053287975,-7.8216381673012325
-39.99721849968158,-1.8938029754899932,-7.822652776638172
-39.989527564649336,-1.8999793274992243,-7.812213763360599
-39.990503005722005,-1.9004446644888464,-7.818373269996321
-39.9853364468138,-1.8979233308178278,-7.820523384361387
-39.9828254563279,-1.9012707376755307,-7.829446511514355
-39.98233443890578,-1.8995038695585895,-7.846519132089602
-39.98141651349883,-1.8998364161696737,-7.862271406889217
-39.977382030411405,-1.8997197884558081,-7.882697461850378
-39.9726759589669,-1.8915410052044523,-7.903926083476756
-39.9653377948821,-1.8844108710960084,-7.90919320764547
-39.9583794362872,-1.8791098435698912,-7.910885643368814
-39.95543499913685,-1.8787241144347828,-7.910117588627948
-39.947255569077484,-1.8724520598599084,-7.909412990208509
-39.94271597311125,-1.869368644684267,-7.906056942991049
-39.9390781577833,-1.8663904678888914,-7.899968312062176
-39.940992553605966,-1.8643349009369452,-7.891748740477819
-39.941792257411265,-1.8654442729960268,-7.880768685980661
-39.94353328679851,-1.8706680499373352,-7.869795257265371
-39.94989563218376,-1.8727031285643423,-7.859523762419024
-39.964899394380986,-1.8728104539582566,-7.842283700125441
-39.97539778120005,-1.8707368295869478,-7.83585084219037
-39.988433579476855,-1.8715791618058544,-7.831621440149984
-40.00105548676909,-1.869191678174121,-7.831016558017447
-40.01227957455465,-1.8716747702611238,-7.833099381972796
-40.02399848179593,-1.8745765359992508,-7.835881474328683
-40.032522528063296,-1.8734616428458055,-7.838175205821765
-40.03828014645953,-1.8719603798392443,-7.839440745130779
-40.034785658634675,-1.8730180302439052,-7.841323219655554
-40.03885080799143,-1.8685784527905442,-7.83823642761155
-40.048470364136705,-1.863450855161884,-7.832593636494862
-40.033703665001326,-1.861131415059745,-7.827094933694681
-40.03731548087926,-1.861877865904336,-7.8266694810821065
-40.03647677580697,-1.8620375717855409,-7.831060312895656
-40.0372351068683,-1.8598666808680486,-7.8379228306710615
-40.03806959623055,-1.8540911833608655,-7.8444271926767755
-40.03681441479148,-1.84621352299601,-7.851132803010511
-40.03771576452118,-1.836814655865041,-7.857288780464135
-40.0338135505823,-1.8306608873087047,-7.857577120713634
-40.04832030262451,-1.8310350195932947,-7.863348625987487
-40.050521034578836,-1.8293793147927795,-7.864111755607903
-40.049615263734424,-1.8228222272352912,-7.863370773477629
-40.054099964255556,-1.8275794527217641,-7.864954221926807
-40.05499136217192,-1.8295988415479518,-7.86202030374622
-40.057865208932654,-1.8329228662913324,-7.863038035122125
-40.06111126056999,-1.8375221961529093,-7.864814710915136
-40.06282800196481,-1.843277260791839,-7.8647178273472775
-40.062683443076764,-1.8393578581173065,-7.865086929490673
-40.06130604346213,-1.8552698728811534,-7.866748088294524
-40.05664233851105,-1.8637086000444556,-7.865233736965841
-40.05387932706572,-1.8647995431269928,-7.866914314751207
-40.055439956378144,-1.863453650304328,-7.871039567673548
-40.05313472450041,-1.868464076725888,-7.870105498192852
-40.05116323348442,-1.8777740946104713,-7.866597812754336
-40.04925587359464,-1.866693334938909,-7.869768022228863
-40.039129650483574,-1.8720117097957862,-7.866074882099734
-40.033884189457794,-1.8699192275417633,-7.86587742812658
-40.0297603317791,-1.8682044211542252,-7.865068208963825
-40.02586277181877,-1.8649128521794953,-7.862708246722639
-40.02657961671809,-1.8658145277939389,-7.857501282983835
-40.02095394083755,-1.8584525096698907,-7.8600768654073425
-40.020623231282535,-1.8555542104196852,-7.856382101517417
-40.02142937616576,-1.8493616434646376,-7.853767163379044
-40.021596462501,-1.845444758361013,-7.857625530751493
-40.022996935619105,-1.841176803821184,-7.862709774407732
-40.0229567332816,-1.8359456201946358,-7.870302686568342
-40.02430211112163,-1.833438840016266,-7.875761549431559
-40.025049747284754,-1.8306471588814048,-7.882518866985417
-40.02721315846666,-1.8286111778377807,-7.888252185019484
-40.030899206047195,-1.8255471089006539,-7.891402266320352
-40.03536006007689,-1.8204953535820216,-7.8922261999938295
-40.03849068304151,-1.8178962627826845,-7.894880554784459
-40.044439924416004,-1.8106955078930211,-7.895484023952857
-40.0494326587388,-1.8059324988278764,-7.894903698557683
-40.05338810493998,-1.8025819622144466,-7.895664894566165
-40.055303462266274,-1.800940545107676,-7.89499018593953
-40.055303462266274,-1.800940545107676,-7.89499018593953
-40.05605808287913,-1.8003309443169107,-7.893370252055407
-40.05403741393187,-1.8023784783421202,-7.891298711357756
-40.05228564175075,-1.8043877768933632,-7.889393819409493
-40.05515308363403,-1.804205627756002,-7.8890942811217455
-40.05469846696131,-1.8083815751009,-7.886329500114038
-40.05860037621722,-1.8066201808687896,-7.88773822794555
-40.06632386033003,-1.8060269899227606,-7.889100051770037
-40.07455510927434,-1.807944387445657,-7.888988975062482
-40.08509763315094,-1.804752733903656,-7.892986316732962
-40.09157953273785,-1.807419848387962,-7.890592124280675
-40.09419414365583,-1.8102209099654158,-7.885613590649538
-40.08751739832906,-1.8136105098362123,-7.871048183338637
-40.08187314210747,-1.8156064071449607,-7.8620783557889
-40.077048546268266,-1.8157084228602303,-7.853228696891118
-40.06248670783782,-1.821111502727409,-7.839132270739602
-40.05368277552017,-1.8265092346563636,-7.833718364741854
-40.053508498520046,-1.8241158943794573,-7.8350106445821375
-40.04478117024555,-1.8281462592665387,-7.83425159089341
-40.023086183645574,-1.843080537458123,-7.833189776803775
-40.01248278891959,-1.8486106839941991,-7.8347057072546775
-40.00320100105014,-1.8546253370826962,-7.837839146524771
-39.99504239222791,-1.863236996861695,-7.8400786043197135
-39.9777954070957,-1.8703085324061848,-7.848998668335454
-39.97077267788977,-1.868647436255444,-7.853515938065369
-39.962620802236785,-1.8661274488101467,-7.857030332688443
-39.95610218351639,-1.8642698235924176,-7.858317228909158
-39.961475302420794,-1.8543434412077762,-7.860230991789784
-39.944955903831925,-1.8496285192551352,-7.854650367748439
-39.93642640386223,-1.8449606793452153,-7.849783552645422
-39.927813350195144,-1.8437866735345598,-7.847073406349726
-39.9204770383801,-1.8434115117175487,-7.846021779048613
-39.914110370488366,-1.8481757645668957,-7.848157302934308
-39.91260540044406,-1.8480362015808656,-7.850850992751084
-39.910180687713435,-1.8532360089555093,-7.855988436829067
-39.90957973269013,-1.8526694808871007,-7.862356566162878
-39.90688814189678,-1.851688510796415,-7.86585383991407
-39.904479753791954,-1.8508907561986503,-7.866317142218642
-39.9024063680083,-1.8478725167838983,-7.8604383624429035
-39.896971259305225,-1.846309337896071,-7.855664936928969
-39.89505750131184,-1.8442534516167657,-7.851436600644112
-39.89389365949866,-1.8434517660203305,-7.850345705346253
-39.8934281828118,-1.8392043539674114,-7.85302864700063
-39.89175646246694,-1.8347951540355012,-7.85738048805514
-39.89337871014627,-1.8323790811921876,-7.860717576954456
-39.894404979593865,-1.8293633313005584,-7.862590088177527
-39.900771495750064,-1.8174287427382907,-7.867893530502586
-39.91531314859671,-1.796982541704659,-7.876252554625337
-39.924343632300435,-1.7906535081329245,-7.878862905591418
-39.933655244096414,-1.7826693875666029,-7.8830149593781655
-39.944327606211374,-1.7754741938115095,-7.888001847477574
-39.945644458781516,-1.776541182203447,-7.888491467307404
-39.95490284403708,-1.7691274015503466,-7.9021759453619085
-39.95517204685557,-1.771067280083525,-7.904467916872285
-39.94933315563949,-1.7706367661915645,-7.899444712432476
-39.94177503586811,-1.7732327195873907,-7.891193488152985
-39.934676271591464,-1.7744457318540394,-7.883096397135834
-39.93055753097905,-1.7746017768019242,-7.87508954352419
-39.92273273673898,-1.7815309659437288,-7.867038896010484
-39.91711446815401,-1.7907332837281111,-7.86011600703439
-39.9123026408377,-1.7988220952472198,-7.854548895159649
-39.91028500352721,-1.8074834606511194,-7.847886155938253
-39.908784948878456,-1.8106140993296638,-7.843251696513614
-39.90720278424702,-1.812305196995536,-7.839323554913122
-39.905930642804194,-1.80938005385415,-7.838136729866798
-39.90475658632733,-1.806450924859499,-7.838770720744241
-39.905341206185525,-1.7996448431176246,-7.837673915939781
-39.90016271095312,-1.8025029518704614,-7.838852517931128
-39.89682462789236,-1.7978053134711058,-7.836756453897842
-39.89279241565337,-1.8004054674392906,-7.8344683975892115
-39.896951819441206,-1.7926978633692712,-7.834767992844738
-39.89337818037118,-1.8043883188977423,-7.8372984196810584
-39.89281138521757,-1.8091290568757277,-7.838273473577123
-39.89284529016383,-1.815357482960385,-7.836396332707642
-39.892961424129524,-1.8206962407667606,-7.830009260501913
-39.89480999803625,-1.8226986101306852,-7.823550222271601
-39.89600887747756,-1.8196716979569092,-7.824355203490378
-39.89744255628433,-1.8149399736436145,-7.813337238975135
-39.899607607992884,-1.807273929796837,-7.812592385060766
-39.90200850159395,-1.8022027282972473,-7.8147032422187745
-39.90760256741777,-1.7939511330240432,-7.819245210241192
-39.914715849886534,-1.7867994222148478,-7.825585414277114
-39.919677892194905,-1.7806726480063144,-7.831993376293601
-39.924263530615775,-1.7752644480372493,-7.83657852664047
-39.92607465930439,-1.7652703799544474,-7.846278370689612
-39.92748208335649,-1.7583873804514127,-7.850739351658325
-39.9304726548704,-1.7482949899442253,-7.851811280287965
-39.93286619159824,-1.7383372268137591,-7.84941782149522
-39.93377010771186,-1.728671330536938,-7.84843817362844
-39.93461793281722,-1.7214005369476368,-7.846570476922337
-39.93536970392015,-1.714700505106947,-7.846158751782845
-39.93645106924413,-1.7102156006904787,-7.847623446063263
-39.942551624441094,-1.7019837692226203,-7.84810841190498
-39.94860707421514,-1.6984080970183792,-7.853690685245016
-39.94933302923776,-1.699737277426884,-7.856149048357035
-39.9595936774097,-1.6902428827829887,-7.864563259540103
-39.963746704701165,-1.6888105715980142,-7.869238920787153
-39.96785884166188,-1.6882401034713155,-7.873861975279124
-39.97340748606017,-1.6870259258769877,-7.87710700972268
-39.97817177047092,-1.6868583418436154,-7.876643989110779
-39.980262051174286,-1.6839860507769273,-7.873970523072947
-39.98520953546263,-1.6821913140140612,-7.871401423352908
-39.98905661821954,-1.6846208708474701,-7.864946434523345
-39.994643129009475,-1.6877408925258468,-7.860223824511919
-39.999299916408674,-1.6900011821660665,-7.85617246881559
-40.00336534807487,-1.6924575634805195,-7.849927868832999
-40.00909945715184,-1.696909552178503,-7.84386264918673
-40.013628198948176,-1.6972337235712758,-7.843022815221341
-40.023896872601675,-1.7000740074855842,-7.830677582679401
-40.03186284511883,-1.702557824691499,-7.824574401034707
-40.0399989257027,-1.6997545426377831,-7.824489210829262
-40.04632519980267,-1.6972051774540233,-7.8277881397512346
-40.04764398370976,-1.6960584415197733,-7.832839593737527
-40.0502632311175,-1.6963133004049136,-7.832706161635849
-40.04878637959611,-1.6908987540139562,-7.844540432431836
-40.045791244577174,-1.6896761726480782,-7.84837126537064
-40.04086638398493,-1.6899311874518461,-7.848315357094996
-40.0361458103317,-1.687083319719905,-7.84791597074513
-40.03722577212507,-1.6884744026710907,-7.847730675156648
-40.03493056907923,-1.687400405168414,-7.845780754781274
-40.03357730160462,-1.6808514380485124,-7.84338788656779
-40.035265565631306,-1.6771127610905552,-7.839061388956086
-40.03521433652687,-1.6706483697573085,-7.837391105675314
-40.03473404058395,-1.6656132950944635,-7.834515627832983
-40.03262544788686,-1.6619919636886884,-7.83203751918854
-40.029820085669336,-1.659320436737415,-7.829950230337605
-40.02953265239198,-1.6557094652153093,-7.827403332198359
-40.028110024869406,-1.6514618134104737,-7.824032354685596
-40.02437453634762,-1.6421276397177496,-7.815876607023365
-40.02069993303016,-1.6360307438156387,-7.815834292444306
-40.01362867893311,-1.6325827928891594,-7.8179014821861275
-40.01294371391197,-1.633370337355219,-7.817086718870422
-40.01084994481514,-1.6254984093918492,-7.831191293662317
-40.008031583640445,-1.621601912555763,-7.833488573425762
-40.00641743635257,-1.617038693761308,-7.835324495016421
-40.01762694593261,-1.6135463732319624,-7.832097713550566
-40.01963183399723,-1.6126648798445014,-7.831025802328407
-40.01469655941054,-1.6103924278985444,-7.835179391789851
-40.01635634084493,-1.609318980861438,-7.8332200259394655
-40.01700723817395,-1.6103272459284235,-7.830529799734192
-40.01636793313621,-1.611508686450705,-7.828624399725548
-40.01717206307874,-1.6186724502324423,-7.827526249488953
-40.018522853415654,-1.6279594253731298,-7.826927128810513
-40.01137074318365,-1.6410909239709148,-7.820391438149463
-40.012035444465404,-1.6426418909521014,-7.820727651059082
-39.99640755622883,-1.6462815111481908,-7.818878773656454
-39.98590390704202,-1.6473494119379364,-7.819586656506066
-39.95391250749257,-1.6446996174424087,-7.829929833037137
-39.936309679163045,-1.6434179882962747,-7.837356300626282
-39.92222645332612,-1.6382048856988556,-7.850958581753468
-39.91134521237888,-1.6373734636668786,-7.864116513546287
-39.90080954396607,-1.6340116048784825,-7.882987247702716
-39.89193970737396,-1.6258856034911306,-7.908846571300451
-39.88507638938481,-1.6167681831732788,-7.937278101009521
-39.87956867861504,-1.607917769182224,-7.9658287826176455
-39.87445529881835,-1.595437668701495,-7.996150755186226
-39.880652606237156,-1.5975251636161416,-7.991850572674543
-39.88348774767437,-1.5741997505296017,-8.045605252920822
-39.895242169561705,-1.563473612587856,-8.061279441233873
-39.916340547427396,-1.5549851460021633,-8.071065565327787
-39.93367487405496,-1.5514430435220856,-8.070848809807721
-39.95037528336556,-1.5458377530885135,-8.066488904502565
-39.976734911598314,-1.5474745815147732,-8.05756649129415
-39.997851037005866,-1.546512009197431,-8.045846104820441
-40.01742028780542,-1.5480698662401011,-8.030935444995341
-40.03596635305193,-1.5491245501969302,-8.016428265659044
-40.04783788109176,-1.5531424052992655,-8.002314978296383
-40.05713886320021,-1.5613393895086969,-7.988630770526001
-40.04897353583714,-1.5630805296737964,-7.989474251194757
-40.0551139450836,-1.5762548099808693,-7.9756438398551674
-40.061741653740185,-1.5848220256406258,-7.962074601448
-40.061741653740185,-1.5848220256406258,-7.962074601448
-40.0793944811968,-1.5869355072231006,-7.940476172342849
-40.080970140718776,-1.5843965798946136,-7.93965021415011
-40.09456867390071,-1.5782844986705296,-7.929748045507032
-40.112404971150376,-1.567767964152307,-7.914820464712006
-40.120414641400714,-1.5602446167270612,-7.910749268866639
-40.1264424571713,-1.552840432940603,-7.911005901957824
-40.122921506281735,-1.5456546409151986,-7.918203865138695
-40.119717269638215,-1.534046816088297,-7.932760402801412
-40.10605404970944,-1.5236166189091531,-7.950503678867762
-40.08634704186677,-1.514557161089483,-7.9669888111988545
-40.063740299513654,-1.508324702809149,-7.983306103428693
-40.032998943004,-1.5059512693175923,-7.997981109950978
-40.04165980632626,-1.5086121888579687,-7.99827960526378
-40.010448093424564,-1.507635893335034,-8.008832075126302
-39.93473649841941,-1.5016669138390377,-8.019238776001552
-39.90526723041279,-1.501425185229596,-8.015268913972642
-39.879781644111574,-1.5004177637051501,-8.009491718991924
-39.85860112427776,-1.4987028118600836,-8.003220498365103
-39.839902977319504,-1.4997604716001813,-7.998470012631349
-39.83086737517183,-1.4992736901876267,-7.996504116825901
-39.809959764483196,-1.494807440959845,-8.001417669579624
-39.79973517923969,-1.4893866212919926,-8.008524536038856
