-47.15340134735984,-5.952475362999023,-9.118189487110454
-47.14992465955221,-5.96982507615312,-9.122420428655944
-47.11462820068232,-5.991922416457429,-9.122916151624596
-47.078797383917916,-6.031810827578891,-9.141641252690201
-47.05446888291672,-6.05686543495953,-9.153692907634543
-47.03070362378059,-6.082082104117536,-9.164595429278235
-46.99304719049791,-6.106612611323896,-9.18061207508154
-46.97284254347913,-6.11672756575466,-9.18530110600436
-46.97284254347913,-6.11672756575466,-9.18530110600436
-46.93822772591491,-6.116775447012836,-9.179907258181249
-46.9201734216623,-6.115604191459416,-9.173231150139372
-46.90505407516182,-6.1104770820990515,-9.163069508815813
-46.891641985441474,-6.099366103836117,-9.15257685267162
-46.8796276448158,-6.0849241438540025,-9.14641958420729
-46.86902561731032,-6.068423567662832,-9.14324190916253
-46.86902561731032,-6.068423567662832,-9.14324190916253
-46.85900347502655,-6.049960120723679,-9.15173635813576
-46.84981841768147,-6.031927696778635,-9.165423939916051
-46.81498481042612,-6.003207192935264,-9.186072663731029
-46.805295649585,-5.993967592085515,-9.197521867344724
-46.78671771418209,-5.987934030053603,-9.204069435223333
-46.79082248031058,-5.985862297957907,-9.20612760986728
-46.792213373457386,-5.987423389535506,-9.205789174433784
-46.7732785517264,-5.982164569647792,-9.211793938540266
-46.75211130819004,-5.9826574176248,-9.216348421146353
-46.74995570002975,-5.9873704913738575,-9.213626188818157
-46.731842375625185,-5.981968368765117,-9.216599373410146
-46.69472886093976,-5.9831604232952245,-9.203766453220283
-46.678635547481775,-5.988762786969581,-9.193265612220287
-46.66749591922973,-5.996161759813999,-9.18666129735244
-46.647771737027405,-6.023902516423551,-9.180744339657952
-46.639856167839156,-6.03542954253586,-9.183145405560651
-46.63774860453759,-6.045804629104382,-9.185366480125985
-46.64164229441652,-6.038957665372425,-9.18902156991742
-46.646268124176515,-6.0346264615639305,-9.190282311730193
-46.652933959597384,-6.0411856966225,-9.190265304128271
-46.6614811743956,-6.0439581359905254,-9.192833332916464
-46.668347274553774,-6.044795338595093,-9.195917936692336
-46.670569712909206,-6.050608648115461,-9.199810598804785
-46.68102662469609,-6.062258513362977,-9.201495086396685
-46.6902797531868,-6.0621318103394914,-9.200440007732333
-46.70187742132698,-6.056450941893828,-9.201700789091054
-46.70769992970377,-6.059411874686268,-9.202653161780027
-46.718237462950924,-6.051597910456866,-9.2082862424272
-46.72450646480427,-6.048650683204606,-9.212425188709824
-46.72988991863202,-6.049243525970785,-9.21707067643447
-46.738460669507326,-6.044279346979768,-9.2237120172392
-46.741579678955965,-6.036216183788688,-9.225487257969476
-46.74114641721185,-6.03441542840846,-9.226832104681753
-46.74178209986918,-6.033165239113137,-9.234076111814431
-46.7401214053269,-6.036846846230824,-9.242938859169342
-46.73561492085868,-6.040723574654747,-9.24614977627854
-46.730101088556374,-6.045835122268816,-9.24964167628759
-46.72347543738074,-6.052660924520062,-9.249687613735803
-46.71939173595374,-6.061448607790849,-9.25099035542264
-46.71738963981303,-6.072149852318533,-9.26001188554515
-46.71419041483002,-6.073592119056466,-9.267477500112486
-46.71305393887112,-6.072056656387116,-9.274748707406866
-46.71270890087949,-6.069322265545778,-9.277555608049854
-46.71178002057993,-6.066486067624116,-9.276860421161555
-46.70908633532058,-6.062987646370524,-9.274145615079034
-46.70937548900313,-6.060705399549542,-9.269169402315619
-46.70696955655732,-6.057750234382849,-9.261678010052185
-46.70515655332685,-6.055923766366168,-9.251960084716337
-46.703896942807326,-6.057002817140509,-9.254248584034302
-46.7030122715253,-6.054136418324184,-9.24781205408328
-46.702612544106536,-6.0509546049156615,-9.245073323420549
-46.69849857390749,-6.044563526976826,-9.250377853055273
-46.69868153534559,-6.0370196516539245,-9.257719211678253
-46.70263593942327,-6.0342490047612785,-9.263007773247642
-46.70065278750814,-6.031787210963418,-9.27435829949458
-46.70868024851342,-6.0269209847890295,-9.29108110921845
-46.71587210220614,-6.023633922481461,-9.297504509798474
-46.72546813265884,-6.017949478146361,-9.30325953498789
-46.73378133101888,-6.012401240830873,-9.305262930416388
-46.750545239595645,-6.009026305812316,-9.305088897765728
-46.7495764216329,-6.008554167367927,-9.308140791381957
-46.75688191535834,-6.006370099444271,-9.309208338162124
-46.7647569848272,-6.004897572865894,-9.310665724412717
-46.772211958164824,-6.005485889753727,-9.313530992530477
-46.77879663259431,-6.006583913612813,-9.315867507401062
-46.78477561009878,-6.006801213995789,-9.319272393370216
-46.78714555620962,-6.006643569397775,-9.325860464787404
-46.791554986203316,-6.0064569840208355,-9.328792459441823
-46.79420614709839,-6.006681537254859,-9.330209533981739
-46.79492161466502,-6.003022322539311,-9.33018578321365
-46.79636787125611,-5.999177306572456,-9.331303861858201
-46.80038085424421,-5.990374335450009,-9.334614837376161
-46.80319978808875,-5.989011147922653,-9.33741695118329
-46.8030427954257,-5.989289810558302,-9.338616803966747
-46.81035234511131,-5.993429292406514,-9.346330358136509
-46.810804156659685,-5.998018482560635,-9.347418639898466
-46.80874657114649,-6.003253679131599,-9.343594058681328
-46.79742205043733,-6.008944975138148,-9.32868966702449
-46.788914862255446,-6.008851972983374,-9.320470523783063
-46.77751336799331,-6.008993160275066,-9.311545285688904
-46.76676718182954,-6.005690325752348,-9.301490817000348
-46.75802430805226,-6.004534952475059,-9.294956180227949
-46.74698243645049,-6.003671848857777,-9.291363121913717
-46.743434652295946,-6.002998456435937,-9.29074885125662
-46.73122883704346,-6.01547024516701,-9.2950853941459
-46.72612464058039,-6.0301776734430845,-9.296790804282853
-46.72101111186451,-6.0461823140082736,-9.29895600088483
-46.71899633948647,-6.06083128821882,-9.30216557589308
-46.71821966744479,-6.0725604143643945,-9.301076145358563
-46.71862277950917,-6.082885311806403,-9.301532383649379
-46.72382547311339,-6.08627301176571,-9.303393908121222
-46.727541555137826,-6.087457335832095,-9.300455823498607
-46.7310956381946,-6.089027553553327,-9.302540711456952
-46.74774468332805,-6.095051701420065,-9.309720544373734
-46.75623112593595,-6.096515751755384,-9.317145561122961
-46.765853975094124,-6.100905597400093,-9.32359798604722
-46.776934101552015,-6.104187529365688,-9.331353894320106
-46.7801066623209,-6.1042819317095605,-9.327977843409105
-46.79332899630017,-6.106021504917603,-9.330701221792344
-46.80276389185486,-6.106786534835628,-9.338267988563414
-46.81663312348367,-6.102680177791469,-9.357140291571337
-46.82476714707092,-6.1063084864652355,-9.355415218539566
-46.82717163325571,-6.108368310280524,-9.3605564597368
-46.829281150973976,-6.116165820238262,-9.350058338208536
-46.830562483800605,-6.118493209860805,-9.344999526144377
-46.82461404538981,-6.125592366863166,-9.333403229974179
-46.80945317623462,-6.134531450806836,-9.316318890250258
-46.807818709593285,-6.136093078708802,-9.312352531151962
-46.77288516731071,-6.144793254882294,-9.273474410774723
-46.74653033507256,-6.149618774912903,-9.2511315999762
-46.747546303407525,-6.15136783654973,-9.249243371070499
-46.70018151359485,-6.154019149270111,-9.233612256301507
-46.683166152703976,-6.1639605317055475,-9.229803422422286
-46.64124316045939,-6.18076650847843,-9.22898009982158
-46.64868921734362,-6.182306287147938,-9.22473977078895
-46.60668095488445,-6.188442535658759,-9.23835001841485
-46.625089719966105,-6.1903228245621325,-9.227349964746875
-46.61144436683784,-6.1848514962859085,-9.239703516956983
-46.62362859397072,-6.180491874002335,-9.239322591344045
-46.644583454487346,-6.174925330093034,-9.240914266708833
-46.66712628556586,-6.173830078656265,-9.242517526958334
-46.69081601815233,-6.180025733718923,-9.243355544221703
-46.71942666506357,-6.192685660346231,-9.241864304515289
-46.74948831022502,-6.20428274589392,-9.233565461310894
-46.77829056922031,-6.213571648094294,-9.224600005568854
-46.80788092526163,-6.218421895435896,-9.212712596357488
-46.83769580947059,-6.221228942774361,-9.197438176982688
-46.874154304241024,-6.22489195175269,-9.182696223278667
-46.874154304241024,-6.22489195175269,-9.182696223278667
-46.901855904628114,-6.2264305567596345,-9.160518878057514
-46.95347729513173,-6.227031457570967,-9.147949704955032
-46.95119692318386,-6.2241872637433096,-9.147423451622535
-46.96476621535693,-6.2235508746220916,-9.149929781254318
-46.97606360422616,-6.230457459873293,-9.150471967620172
-46.97148793818705,-6.235498108482871,-9.150219204509021
-46.96204178120119,-6.2399879624693755,-9.14823010774245
-46.94741998932764,-6.24206188745964,-9.144569851503714
-46.92866002874685,-6.241494123377556,-9.140296305126682
-46.89304178928701,-6.232016453330846,-9.139524624594522
-46.875079413838115,-6.228507916133759,-9.137344683129532
-46.86674816777317,-6.22842411478535,-9.144669709372398
-46.85601150273729,-6.2283436630794515,-9.150031875708391
-46.84551071290672,-6.229990093267787,-9.158208749623078
-46.83428251338201,-6.229602184643054,-9.171555656808007
-46.82932767351283,-6.225866145373749,-9.188740381735434
-46.81728938618782,-6.2204096690644946,-9.205187890100607
-46.82855804810206,-6.222316925538021,-9.205787970257283
-46.82887183468976,-6.211869161816858,-9.240310963212579
-46.82474959980975,-6.20899077401187,-9.253584960265062
-46.82181718409656,-6.203476130855043,-9.265629577610463
-46.81623753640507,-6.198578321485731,-9.274305649334826
-46.80628798061436,-6.194527796228922,-9.280377356509263
-46.811028417487016,-6.195823639700937,-9.27981042121281
-46.79507390426759,-6.1850190663145606,-9.28481693811284
-46.79518891617576,-6.186153112538102,-9.283717347651775
-46.78028196441597,-6.173833133129432,-9.281732169480575
-46.77276166429617,-6.173136520812501,-9.277673724928274
-46.76439376777556,-6.175461331394271,-9.269058165466245
-46.76439376777556,-6.175461331394271,-9.269058165466245
-46.74637683161914,-6.179713345869375,-9.245174415692249
-46.7381177031925,-6.186091807439998,-9.22618828818174
-46.7278415604859,-6.1860905658447045,-9.212359176356365
-46.72285087816272,-6.1894662511497245,-9.194305366570898
-46.71849168536003,-6.1896452663570445,-9.180819990051274
-46.71244762279943,-6.185187647212953,-9.170779827446406
-46.717827772274866,-6.188865484792066,-9.169885837709776
-46.71753935952434,-6.188136467192191,-9.16339685596544
-46.708120487276844,-6.181554495265018,-9.169489275453088
-46.70227464451964,-6.17650104360574,-9.17762883912312
-46.705564638113124,-6.175732184129019,-9.185659091869889
-46.70325953406239,-6.171475417457957,-9.194784715740779
-46.712357897508355,-6.178221711881428,-9.193331871592823
-46.71649377358891,-6.1750785112032265,-9.202944826538658
-46.71414552567299,-6.155379940223994,-9.224854512166726
-46.71738547885114,-6.149207256233316,-9.22888828373506
-46.71969869596075,-6.139209166432194,-9.234570360364215
-46.725621302324555,-6.132198930419737,-9.238645252672903
-46.725621302324555,-6.132198930419737,-9.238645252672903
-46.7218584465391,-6.125060029454236,-9.25217859566051
-46.72250534788398,-6.124795219970753,-9.254023138357605
-46.72102478202997,-6.125791153588451,-9.253153964276226
-46.716960885481114,-6.128964824984869,-9.24589090874286
-46.712822084245325,-6.130950148009597,-9.239943384159087
-46.70977102043525,-6.134029202934939,-9.236168363994127
-46.69801614534973,-6.139172554061386,-9.219038619188094
-46.69436213241394,-6.140251356162076,-9.210298649364328
-46.69793677160623,-6.140522530776413,-9.204867417536676
-46.69573027910711,-6.139726157733819,-9.20086767410529
-46.6981675986766,-6.141545375649947,-9.19834172675867
-46.701885590226055,-6.143134126812863,-9.19662583362832
-46.70615165457993,-6.143545647868604,-9.198038342319148
-46.71041313900378,-6.150134108138269,-9.201526213288954
-46.717075256134656,-6.149529505512903,-9.202178720438152
-46.72522585426009,-6.147338131756852,-9.202221472643801
-46.73918883043587,-6.142284964149859,-9.203120539845122
-46.74107157408456,-6.13997945870908,-9.204396940914194
-46.76941834003448,-6.130235686435365,-9.208658420227682
-46.78800326365705,-6.127013768246847,-9.215797746564
-46.78800326365705,-6.127013768246847,-9.215797746564
-46.80366725332137,-6.126062710882496,-9.21815173530491
-46.829043917821764,-6.120671382553207,-9.217564511207016
-46.840509945626835,-6.115052608670895,-9.216633317715587
-46.84892924692824,-6.10673340856559,-9.214464348400789
-46.850090986321135,-6.106747076731074,-9.220831378507777
-46.85075623621476,-6.086892856019274,-9.206949317995479
-46.84329716403669,-6.072835244257229,-9.200185676850209
-46.82750799947959,-6.058888745915423,-9.196029541477944
-46.822847748031855,-6.046851600046521,-9.19025656822722
-46.81665109261152,-6.045247106830038,-9.193532683212672
-46.811156635057564,-6.043630284765654,-9.197897623757044
-46.8040995874006,-6.026682033258797,-9.198729309642315
-46.81824808810476,-6.006378929043953,-9.205565517875273
-46.82806006660217,-5.991294291015752,-9.216776472297319
-46.84284672862624,-5.975948986024614,-9.221538634050736
-46.843311082434376,-5.974039204308885,-9.224396073926716
-46.84654788151357,-5.969513677694137,-9.227041919050349
-46.862172044688194,-5.952257626157993,-9.23026484629447
-46.87714335901108,-5.939957478548593,-9.230287514782496
-46.89752426431294,-5.919104694570836,-9.230524829748191
-46.90529701298169,-5.910982860066569,-9.232326012877325
-46.90836991162369,-5.903291548683951,-9.24046971590312
-46.908011638615264,-5.90064253265834,-9.248248507722684
-46.90465463064557,-5.89990552622124,-9.258237472255182
-46.900625254525124,-5.901747641839295,-9.267009379297088
-46.89692981530392,-5.908253878619098,-9.272387024332396
-46.899568753156856,-5.920223497003072,-9.271891175887196
-46.89595417987919,-5.925362456001589,-9.267418569459133
-46.891902717127245,-5.922255739349985,-9.269887068025062
-46.89210450092365,-5.920707807587752,-9.271648807463585
-46.89134392996867,-5.920004460368246,-9.266648468313075
-46.892055285854006,-5.920269759337337,-9.259841591266454
-46.89172524313138,-5.9205462040054435,-9.251781290140405
-46.89009171716258,-5.917481630079182,-9.247159167695123
-46.88885219072171,-5.9158563597461935,-9.246354364847301
-46.889127316503576,-5.914968011823408,-9.248290845609917
-46.89056022287784,-5.915138617264292,-9.248108155064442
-46.88926542630306,-5.909507971620829,-9.260697857316801
-46.889975521575685,-5.910659994223072,-9.262815238565286
-46.87735340763892,-5.901429438046235,-9.27088825768145
-46.8584381136707,-5.891328257789326,-9.27197992175235
-46.846423802131504,-5.886205871831305,-9.269699871082366
-46.8354806502813,-5.880797116237785,-9.268565476203978
-46.82346076892444,-5.877174236400057,-9.264931473534814
-46.81216391090726,-5.872804937369116,-9.260402477781394
-46.80052825482082,-5.870956307396823,-9.254115017555208
-46.79258358480691,-5.866921555178801,-9.250010221699087
-46.78484948339646,-5.864624849761548,-9.244820651469821
-46.783730418958726,-5.866879258573057,-9.245662408262316
-46.77555556300438,-5.865234219981156,-9.243538625626458
-46.768771278250284,-5.867454371187983,-9.239809063350357
-46.76271823800907,-5.865089611486611,-9.237016056395808
-46.756372937270584,-5.862848530223051,-9.236306347146458
-46.7457078222351,-5.855708113576735,-9.23752540309843
-46.742450415508614,-5.850141229915317,-9.23783303693992
-46.74179182854798,-5.846705506549073,-9.236175082291
-46.7408208504348,-5.842670685270598,-9.233406542675063
-46.7399781480072,-5.836797393379323,-9.232443189822707
-46.74104327101758,-5.837928669192311,-9.23222926858542
-46.74136460173776,-5.8331017123867355,-9.231204241325006
-46.74415945685518,-5.8281878411951125,-9.226188074077767
-46.75664520977937,-5.815494318808282,-9.214439199454628
-46.766817936110904,-5.807046622387982,-9.208402873318668
-46.7761398677953,-5.803310093562611,-9.199579596523591
-46.779467202558635,-5.801083942473111,-9.201657289645711
-46.78101737017185,-5.799906158786577,-9.20215455141618
-46.793078421573114,-5.79580865987852,-9.194052552441693
-46.80456403895176,-5.794471891287541,-9.186024316850844
-46.814466342394155,-5.795162697455464,-9.180268843002946
-46.84143395085731,-5.794130121462626,-9.167959397465532
-46.85019263935081,-5.796001005837472,-9.16310446457553
-46.84467790421562,-5.7944204623538935,-9.165825171952664
-46.86146656266509,-5.796679567828391,-9.154602854375783
-46.86793854443669,-5.795407517207911,-9.151168713887486
-46.87082128918295,-5.790188701021836,-9.152919472678013
-46.8778601733701,-5.790375854137047,-9.145819316097796
-46.884049430062255,-5.792633190543112,-9.137188600584743
-46.88131335229555,-5.7910497365201525,-9.140591355446082
-46.88679335421807,-5.794894536953795,-9.133007800766165
-46.88187000897568,-5.7942822971088255,-9.136945632152187
-46.87198563885229,-5.790406267885778,-9.148100333586813
-46.87851102719965,-5.794862161342069,-9.141759556789303
-46.88232912825776,-5.800209049809632,-9.142701021549973
-46.88741141067765,-5.805019671574548,-9.144858356970333
-46.89702568425906,-5.824535371358015,-9.138785419231809
-46.90424549112204,-5.824558342718458,-9.144671869362297
-46.910133073486,-5.825591229654816,-9.145170311473274
-46.915121835826646,-5.827928418880674,-9.136433633091988
-46.91338841342575,-5.829654047989328,-9.125422779693828
-46.91338841342575,-5.829654047989328,-9.125422779693828
-46.91439140814396,-5.827530857846458,-9.124793992070614
-46.91753762869866,-5.820190030886629,-9.136983136869441
-46.91954624964878,-5.815923550798134,-9.145096236287264
-46.918562625883155,-5.814133014210516,-9.153136911448629
-46.916396752904596,-5.81562895897732,-9.164697151709468
-46.91558499131788,-5.816311235923432,-9.169602001789526
-46.91551358628131,-5.819077488060069,-9.174156241717995
-46.90237063492267,-5.848805304780062,-9.184434787171803
-46.89528598601568,-5.883357846130883,-9.18964859051931
-46.893530338762424,-5.916098668887599,-9.187862780688324
-46.88645236271315,-5.974935421462814,-9.159798700819556
-46.88645236271315,-5.974935421462814,-9.159798700819556
-46.88648289452092,-6.0040036027149695,-9.138295676132637
-46.88831312018307,-6.02354912187852,-9.107341499150108
-46.90264877597872,-6.040313315193475,-9.046889109357378
-46.917458735875016,-6.0424596738184055,-9.025234685695105
-46.92959144232973,-6.045936305471455,-9.009332860880841
-46.94545989080567,-6.047857805006384,-9.002448910006956
-46.96166614562159,-6.045539115184475,-9.00187670831122
-46.97578827038788,-6.040238407297437,-9.000601102197898
-46.98473050079162,-6.02856917694059,-8.99872985337133
-46.99077602378589,-6.010763574488399,-8.999468334809213
-46.99074917193688,-5.990774988886577,-9.003506972670664
-46.99167311338962,-5.968022489331901,-9.006686944128472
-46.993990969098625,-5.9673785821400775,-9.00541956588078
-46.99129785158152,-5.94770241055303,-9.009045892819117
-46.97878811202374,-5.911780049807948,-9.013321614339532
-46.972235111105206,-5.899239617135399,-9.014816766291913
-46.96762737667776,-5.88546388448441,-9.016251433422312
-46.96571478628383,-5.893155153813021,-9.019300273871691
-46.96072008386065,-5.871197255158693,-9.028269065145748
-46.95967732748885,-5.866921106025398,-9.031851154755424
-46.959321752816194,-5.8613009854056015,-9.03419354025015
-46.95632611221003,-5.854546468055036,-9.034786120593521
-46.95455156281359,-5.8503244890697985,-9.032077408515905
-46.948473628426484,-5.839773386091362,-9.029022240852234
-46.95133660920049,-5.84172180517022,-9.029958148136839
-46.94730562446571,-5.832234494087107,-9.029555643831078
-46.94757815679348,-5.8319279568160916,-9.031083036906322
-46.938427385891046,-5.81928851221859,-9.025153158093943
-46.9289242114906,-5.807815838493911,-9.016575844684072
-46.919693146522775,-5.792025734270501,-9.010204074698397
-46.91378257261472,-5.777194963252507,-9.005426159567518
-46.8997821409291,-5.760840862723942,-8.989353994400027
-46.89492007449543,-5.753483997963486,-8.985130008472368
-46.887258150637464,-5.739051832314634,-8.972964472440298
-46.883061802597226,-5.733231148277131,-8.968206423835
-46.87699581557428,-5.7243333430077685,-8.965634971302332
-46.87699581557428,-5.7243333430077685,-8.965634971302332
-46.867942716921334,-5.708337251014938,-8.967829638006615
-46.863359494642594,-5.702582755635425,-8.973512271762923
-46.85618778011582,-5.692806907964169,-8.983015272977328
-46.84813316100432,-5.679494936683085,-8.995744057079472
-46.84086638246483,-5.6688758415581875,-9.00763275093891
-46.83345465787952,-5.659539134631926,-9.016085962004578
-46.82535415470059,-5.651463899783335,-9.023108509313746
-46.81670605019036,-5.640915811359409,-9.02598858662223
-46.80895967747415,-5.630036683891948,-9.026235470396196
-46.8016497617716,-5.617890000395441,-9.02558853961139
-46.79395191048804,-5.605856153360045,-9.023862616077261
-46.781639603444965,-5.592026628185101,-9.015992974903293
-46.76660441135393,-5.576561073040393,-9.008828471464811
-46.74966050512928,-5.5618698490986604,-8.99949068131847
-46.73182950197008,-5.545165383040157,-8.988610075652877
-46.71555810705827,-5.53080784737022,-8.980606878773651
-46.70151362534893,-5.515136028639156,-8.977413072438305
-46.70151362534893,-5.515136028639156,-8.977413072438305
-46.678701114670936,-5.487814024682042,-8.973189966171233
-46.66595316704701,-5.475832232723601,-8.968285713302835
-46.653345377983044,-5.465094149500301,-8.964166981445755
-46.63952844381808,-5.453786438508036,-8.960220772918357
-46.63070976954506,-5.444962367356605,-8.956963981113772
-46.634754274586314,-5.447659530276195,-8.957285944672988
-46.626552201573126,-5.441169309215928,-8.953967293116804
-46.62006155273736,-5.433200971837668,-8.951070471618053
-46.61421907374074,-5.429511572437879,-8.948071681739615
-46.59572814717572,-5.4123513606326155,-8.939011400517797
-46.58872972362055,-5.404111343416616,-8.931401734553758
-46.5845206055033,-5.399199497532599,-8.92510656786289
-46.58430132461753,-5.394330734566347,-8.91893802213781
-46.58618276204228,-5.391749192606468,-8.914452044833457
-46.59023022714757,-5.382043767777055,-8.916120382316038
-46.595076826172765,-5.375534574184923,-8.92295185185406
-46.60058110115305,-5.3731813441466825,-8.929474240369617
-46.60188117459997,-5.373401291466346,-8.9382031773161
-46.60029094819669,-5.374552850509487,-8.939112057478734
-46.59906554589803,-5.3745299636401995,-8.945727488833471
-46.597975153961755,-5.370626247823329,-8.95192020640132
-46.59809712548549,-5.353354410698821,-8.958177958818661
-46.597966727205026,-5.341554504524581,-8.958372665727984
-46.596665891551424,-5.334110448132818,-8.958037101785589
-46.60392688252851,-5.330470522358603,-8.95397772833013
-46.601480554003444,-5.320535303720661,-8.950858271141916
-46.60161880918152,-5.317913344870691,-8.946860389772553
-46.596075164706484,-5.308004642360061,-8.944662935289447
-46.594533929659555,-5.307501490755152,-8.946240961116395
-46.594089141846545,-5.310096017897896,-8.94558282880025
-46.596030188819846,-5.313031778304555,-8.947584826008006
-46.59838199373219,-5.3186470711331495,-8.945420558160182
-46.598995396584485,-5.322132878366873,-8.939853836337523
-46.60804790493767,-5.330155928464522,-8.932174875976411
-46.610034079332685,-5.335065168282488,-8.925043030360426
-46.595707609916325,-5.3301483005416035,-8.904319918786408
-46.588731057413284,-5.328177971469784,-8.899396826120718
-46.58323531314841,-5.3227668134459645,-8.897692624023572
-46.58261824720327,-5.320966893863395,-8.893016892668623
-46.5768739242581,-5.304109268169042,-8.897249635114044
-46.578688463893876,-5.306682159247051,-8.897671064581324
-46.57966835449319,-5.301320421945034,-8.903601459206623
-46.58016174080368,-5.289281749657714,-8.907280712229664
-46.58352258274397,-5.279871655285026,-8.911616780889336
-46.58846419343043,-5.270637015095271,-8.914991456423206
-46.59851821847263,-5.245035555737241,-8.925311561147133
-46.60729620367183,-5.236241495225012,-8.928525996220054
-46.614516451968726,-5.226036649530211,-8.933410782059774
-46.62455835881711,-5.217528615272682,-8.938727049158738
-46.63147828774686,-5.209035344023585,-8.945952641852273
-46.640993556556545,-5.204486254282532,-8.949451449280112
-46.648194927466164,-5.199628571501339,-8.951603487555273
-46.65161221178267,-5.191959653189872,-8.956457086898746
-46.65792935417576,-5.1914638878941455,-8.961533100607161
-46.66042973865035,-5.194552938284692,-8.968992225068986
-46.66048476017995,-5.200750988448862,-8.973386428689873
-46.65840308177,-5.205850346277888,-8.973384446754272
-46.65415913331436,-5.210114646886045,-8.973356811133847
-46.645147628854126,-5.205827970911231,-8.968930953795851
-46.64133330271261,-5.199040262117961,-8.966638686843776
-46.63892111503762,-5.190896119952369,-8.960596192657869
-46.640784259611245,-5.191144983853577,-8.961315374363409
-46.639358142061596,-5.174563106570323,-8.950542701020927
-46.63836568459997,-5.168771633539709,-8.94484247960237
-46.636231878852,-5.164780177503555,-8.93897257911683
-46.634208806157986,-5.160114241793225,-8.934161519291498
-46.63252310778314,-5.156408937714697,-8.931763875809448
-46.62946638267607,-5.151543611630441,-8.931156263619634
-46.625738442570565,-5.147044699899965,-8.932172920212652
-46.62711967996344,-5.145918066352963,-8.935490902990193
-46.62206953962916,-5.1430662230090665,-8.939481890179332
-46.61580693120235,-5.139102700216437,-8.94548201736639
-46.60559788057185,-5.137020079212563,-8.951402653572867
-46.60858734078629,-5.137611011022382,-8.951489961426631
-46.604367189392256,-5.134311055286752,-8.958156364649819
-46.598012105377755,-5.130899582816982,-8.966778122523678
-46.58734477507841,-5.125055398255725,-8.980882724944212
-46.588757615582615,-5.123803111040274,-8.989149307475996
-46.58987674999975,-5.124547173489209,-8.995066635238631
-46.594236362529095,-5.1287019282538555,-9.000420726098097
-46.595947291109354,-5.1303581434899375,-9.002453674163046
-46.59490301182706,-5.128543076331481,-9.003684854085225
-46.59517467153143,-5.124643945356726,-8.999194374999554
-46.59674233341713,-5.118155195895572,-8.996164628011181
-46.59898130447167,-5.108287927204469,-8.993329752135544
-46.60218858407076,-5.097178481969832,-8.992499913331832
-46.605419604918175,-5.085146856543865,-8.995886233977446
-46.608070923572754,-5.07461270933029,-9.006351935084677
-46.6118431848528,-5.068913058969843,-9.01858879212685
-46.61173805530054,-5.0697726267936964,-9.020833715890301
-46.617506209367306,-5.065414093710514,-9.033628603815806
-46.62499709040769,-5.061238891644409,-9.042459443302786
-46.63280348985724,-5.054905892063348,-9.049305411233556
-46.6392408153986,-5.049318927257886,-9.054519075656545
-46.64758470263518,-5.035539260581228,-9.054479336100915
-46.65242799893594,-5.029809415199558,-9.049934164882107
-46.656327183197305,-5.023329427250171,-9.042337352999436
-46.661584331592465,-5.015684525917999,-9.036257021790597
-46.66079968008837,-5.016828568724723,-9.036766416403571
-46.6681973014288,-5.005181339658022,-9.030034459376754
-46.676264544464324,-4.999979388848776,-9.02928967530566
-46.68329089704769,-4.994626418117644,-9.031620929552872
-46.69040440620021,-4.991823789796333,-9.036359488716554
-46.697578131641876,-4.989124425998727,-9.043633101883762
-46.703276510438826,-4.995426825875067,-9.04630615795082
-46.70771359989074,-5.000161300171789,-9.046897703518077
-46.71824915737488,-4.998609158780226,-9.055993426912144
-46.727718822911555,-4.997571247863815,-9.068048788274258
-46.73564690647768,-4.996437889277367,-9.078994770231352
-46.74447130301963,-4.988533853875598,-9.09872843683527
-46.75274728395401,-4.988232417949746,-9.10527441769887
-46.759061224988535,-4.98811812240564,-9.109879907512552
-46.763442193343316,-4.9869926337758335,-9.112441051693786
-46.76565838384259,-4.985398568201989,-9.111294709224504
-46.76562161459212,-4.976351859243457,-9.100184675536667
-46.766663225885566,-4.969002051941963,-9.094796132019255
-46.767901736852444,-4.970158159128759,-9.091843998592473
-46.76561195634218,-4.95595708359573,-9.082599896921959
-46.76540426853142,-4.951362503766162,-9.077924808274544
-46.769491804204435,-4.946983728162195,-9.079139334530538
-46.77179886696117,-4.944604091133766,-9.08495552660021
-46.77179886696117,-4.944604091133766,-9.08495552660021
-46.77227478796352,-4.943453424767467,-9.091223217038909
-46.77169391369412,-4.943643822472079,-9.091994070186207
-46.76297249696446,-4.948583394401902,-9.098335376376077
-46.75195276593401,-4.946200132475888,-9.107332511939923
-46.751565348869974,-4.942569427445841,-9.111890607855408
-46.7457501996076,-4.935753198117793,-9.12419811189726
-46.74701564927919,-4.930969611715459,-9.130433847439914
-46.742040665114715,-4.929977956973088,-9.132970526466357
-46.73684303273509,-4.92706910589457,-9.13594248713816
-46.7294888809619,-4.9232702655030645,-9.137822657422872
-46.72083972141245,-4.91965943022694,-9.135894301192895
-46.71787209880287,-4.914954519575307,-9.138895704278006
-46.71787209880287,-4.914954519575307,-9.138895704278006
-46.71812343703512,-4.911781742176144,-9.149818276354258
-46.71106284249547,-4.9088830709786935,-9.160345493344721
-46.70829421565485,-4.906732207022944,-9.16983658799187
-46.70447148320594,-4.904369035784368,-9.178425137207038
-46.701156546465334,-4.9041795334927425,-9.182374168431526
-46.69564692515408,-4.902106453183478,-9.18435068585223
-46.692885155178196,-4.8990657577969925,-9.183173369376712
-46.68239861647645,-4.898027429392551,-9.183453758939612
-46.673671624135594,-4.897250654174011,-9.184569633518265
-46.67033042290261,-4.893074696274887,-9.191285670706014
-46.66711348783496,-4.8939939842536,-9.19373895455831
-46.66721588406739,-4.896867266579848,-9.19569372731925
-46.665165528249,-4.898753119954473,-9.193858781196315
-46.66544678383758,-4.901855811491105,-9.197480207590706
-46.66755741281842,-4.905341860161905,-9.202308316881009
-46.670851419696284,-4.910493512013927,-9.205153554026552
-46.67165942945429,-4.910771022664348,-9.20434460031004
-46.67447060990272,-4.918384636880907,-9.201768404011645
-46.677494837734145,-4.922425149162031,-9.2010840093677
-46.68188076487529,-4.925531037966777,-9.201305518174399
-46.68686411348879,-4.927865350946021,-9.20311433889287
-46.690594267557124,-4.932233786551833,-9.203026483787754
-46.69271293147931,-4.938174864599724,-9.200160991433838
-46.69480404931672,-4.948204239201574,-9.191216116110231
-46.69135631921153,-4.94961048530843,-9.190367215342954
-46.68634924561377,-4.947536110692259,-9.188387626385078
-46.67952182132187,-4.947431910771697,-9.192395792825229
-46.670598326579835,-4.947767672163412,-9.199492817314429
-46.66598207449807,-4.953385986426896,-9.208391067998287
-46.66866924722839,-4.95126816530602,-9.210414186927073
-46.66648646310062,-4.950586029546868,-9.213271789207491
-46.67312990234395,-4.937989606897527,-9.216931617856169
-46.679377147815515,-4.928834867697574,-9.217631502486174
-46.68763441748501,-4.919586711452899,-9.217610186264658
-46.69635956738035,-4.908619604821871,-9.215115227255934
-46.70303382012926,-4.897359222853773,-9.210975794334194
-46.70341651658459,-4.894375181278714,-9.210807497324911
-46.711635645494106,-4.884488552654008,-9.21073560477758
-46.72000006374488,-4.871873915678719,-9.211598050220164
-46.71913239506669,-4.868672850509322,-9.214452358741946
-46.71506464222454,-4.864440891040029,-9.219263055814713
-46.71057539398946,-4.863827075388123,-9.223894541696492
-46.7082904307655,-4.86294942693159,-9.226113117268257
-46.701503442385224,-4.858240885268303,-9.235792280077902
-46.70092411640859,-4.856598058417209,-9.23876488331345
-46.69577698621089,-4.853849870612909,-9.245343639643965
-46.691592470796174,-4.85312216438293,-9.249742987506844
-46.68587034567922,-4.853282282254411,-9.255149939544543
-46.68337818802166,-4.852000441643247,-9.256466945794273
-46.678850169161166,-4.853411976003437,-9.25545621921559
-46.67414763541493,-4.85415415260041,-9.25299612028186
-46.67015737268094,-4.8517027011427105,-9.254210350083797
-46.665490406142965,-4.855282427979635,-9.252025600340282
-46.66024786411323,-4.855902391262379,-9.254355721983499
-46.656126987775835,-4.8561140893429835,-9.256598509368649
-46.656126987775835,-4.8561140893429835,-9.256598509368649
-46.64034877383695,-4.862480214454256,-9.262661558300774
-46.633339658734755,-4.86525625231798,-9.27458968171827
-46.62328267128286,-4.86864180541761,-9.288955488386154
-46.61225562423646,-4.871725078304243,-9.30198015024159
-46.603869574237706,-4.874081402163997,-9.31035619029204
-46.603869574237706,-4.874081402163997,-9.31035619029204
-46.594980399918036,-4.871466046848855,-9.321094999578904
-46.59155941237319,-4.86887358473167,-9.332991752946322
-46.59401520222608,-4.864208262672394,-9.34755710724763
-46.59402108496824,-4.866146450254618,-9.354200966073607
-46.5988158188038,-4.86581558234149,-9.356816296412896
-46.60269472324617,-4.862877335612669,-9.362471748669268
-46.60699351577088,-4.858114913141983,-9.367205409871257
-46.61069904410561,-4.853801521956321,-9.370696341506264
-46.613227387754236,-4.848134205022986,-9.374119779651078
-46.61567277621237,-4.844258693339238,-9.378518125850853
-46.620159474073226,-4.841412753589217,-9.381764570673166
-46.62070934937336,-4.842725940548838,-9.386352439978168
-46.63394803330129,-4.8425008584833265,-9.397316903592886
-46.642069218807826,-4.846214039987074,-9.403107522144126
-46.65001837293428,-4.852001865241966,-9.406208520887652
-46.65781738720532,-4.855284982833259,-9.407590558914459
-46.664879231857,-4.861603979114477,-9.405388983945386
-46.667408637698415,-4.862943608130768,-9.400151610603587
-46.66753154890769,-4.865990441363664,-9.394081418318644
-46.668064695167196,-4.866285239605784,-9.388472232974857
-46.66501277355381,-4.86349033705044,-9.37985962573152
-46.66041612967288,-4.8612631463896445,-9.37151400777962
-46.656257055732866,-4.860734732726676,-9.365292634532503
-46.65044594967969,-4.859701995465287,-9.359679347283093
-46.65255403195757,-4.859543214742505,-9.360902503793278
-46.65634216325707,-4.858005976146355,-9.364077235505054
-46.6385870056713,-4.854245132953567,-9.352956387678255
-46.630807192151366,-4.848956053013534,-9.35475563157394
-46.626856826323205,-4.840715716707573,-9.367444667720687
-46.628024492742554,-4.839632535860132,-9.37483383320747
-46.626409197656635,-4.838215564820681,-9.376536415277513
-46.627858275329125,-4.841693791282878,-9.39026367493828
-46.62826723876138,-4.84183303027084,-9.396142623328123
-46.62827743134691,-4.838252875699106,-9.398394535090882
-46.6314981747055,-4.837779493405758,-9.39790572656058
-46.63965357037617,-4.829675111846488,-9.391955922238822
-46.63965357037617,-4.829675111846488,-9.391955922238822
-46.647245551232125,-4.82551526338922,-9.389778379824067
-46.66079648462732,-4.824573000332936,-9.390702364635382
-46.6648777938566,-4.8304149102621174,-9.388331929586485
-46.64890001880048,-4.823122636919621,-9.385486061611125
-46.64185559985997,-4.821633989081643,-9.386977700605188
-46.63819044789232,-4.828842569323721,-9.39467772651545
-46.63713704802095,-4.840208109983644,-9.405705500946258
-46.634940500195036,-4.850980079637462,-9.417490488373025
-46.63051604579908,-4.859072201769273,-9.426979032868983
-46.624931383632656,-4.865804634194717,-9.432898195573484
-46.62213936644146,-4.870194873268442,-9.435588897236112
-46.61225365519379,-4.872242448939937,-9.433631090647365
-46.61042794201239,-4.86988362283797,-9.433378264374268
-46.60179584405359,-4.8680484621624,-9.422365819305783
-46.59701144426852,-4.863850797108309,-9.417875405328278
-46.59385715902854,-4.862195375197752,-9.41356443218201
-46.58798003176097,-4.863178873706818,-9.407931602896262
-46.581932580319716,-4.862518431200404,-9.402423001645252
-46.577780223428164,-4.85737770154076,-9.401383870525118
-46.5818050043692,-4.856344862084995,-9.404250695178861
-46.57863086403241,-4.84764188722877,-9.408516911973685
-46.575221621569526,-4.839412064361267,-9.413448965743338
-46.569366965071545,-4.83043334659218,-9.414802329053348
-46.551007239180144,-4.811081074500377,-9.413463451075684
-46.55290515229556,-4.811451314246582,-9.414765542382623
-46.547216101353584,-4.8042644784257496,-9.413570886950312
-46.53423311566316,-4.790853822579271,-9.403972654681718
-46.534579066536125,-4.792256358122159,-9.400908187833664
-46.53134807956488,-4.78329282515631,-9.39130771612848
-46.532481484772276,-4.776335251450984,-9.384246316143138
-46.53275999603962,-4.769033079955889,-9.38195271994958
-46.52867925892443,-4.762975538303986,-9.383015072831665
-46.52686994742915,-4.761326093158711,-9.385673023613904
-46.527108000526496,-4.762581970197378,-9.389626926310951
-46.528051324193086,-4.753366323364563,-9.391539838739169
-46.52778486919562,-4.74506164547413,-9.398309803519311
-46.52718494398221,-4.744499169229772,-9.401728612848373
-46.53054399300443,-4.730687186860187,-9.411635327366405
-46.531993321252486,-4.711683425344484,-9.427885964418103
-46.53227131838482,-4.699360172993908,-9.434127416236652
-46.528799624076086,-4.693376388451834,-9.437227895219634
-46.52344437367796,-4.692395933903771,-9.440470038801646
-46.52617831662123,-4.6858289046989885,-9.438595221440842
-46.521380116865295,-4.684172865323255,-9.43843251086907
-46.51598709061547,-4.683387192778683,-9.439721588600104
-46.50328969307508,-4.693734838276299,-9.432106566321277
-46.49606402415223,-4.69975474606193,-9.424428771721011
-46.49202261831801,-4.709806687243781,-9.415453607244892
-46.49056659076807,-4.704901606303747,-9.419088708047074
-46.483268731861,-4.722864455764721,-9.408018438000775
-46.483808889689286,-4.731212727033269,-9.403768272174302
-46.48567103187558,-4.739019517321213,-9.402633728202808
-46.485113093462935,-4.744894263608009,-9.404775583863431
-46.485599068513615,-4.740332058161277,-9.406182931317419
-46.48397666486255,-4.746442901774514,-9.406599151475914
-46.48195973865242,-4.753236538368451,-9.406287495325287
-46.48090083274118,-4.762446054316253,-9.404126918306545
-46.48149918790814,-4.7650484730746046,-9.407827047715504
-46.479854770129066,-4.774501378670372,-9.40999690773487
-46.47937216616454,-4.772062950296554,-9.41288602028704
-46.479514468344156,-4.770765472717477,-9.414975460789579
-46.47832932896087,-4.763387183301719,-9.415854255951313
-46.479435970371114,-4.7580386883139525,-9.41661971893636
-46.483488325820765,-4.752890690479834,-9.419365062471318
-46.489119937748924,-4.747083696732438,-9.423486191630065
-46.49241077658619,-4.741311858211745,-9.428088343153933
-46.49140127279995,-4.735196310987178,-9.433234334263053
-46.49159832203321,-4.7299771258385155,-9.435388790742183
-46.49030915819184,-4.728013975751574,-9.437424778595528
-46.48792310096344,-4.72586847308823,-9.437266276083419
-46.48580151978647,-4.732347035695929,-9.440351776220515
-46.47688627114139,-4.729687745352221,-9.434592438091906
-46.47101180565121,-4.728587101782072,-9.429779957839376
-46.47037946294191,-4.730632317162843,-9.429325410652892
-46.45903160972953,-4.727454976522264,-9.416193483535286
-46.45360235234421,-4.7261110051155555,-9.41406666085702
-46.449485750613434,-4.725209523547771,-9.41308490678841
-46.44908294657396,-4.7252676108738445,-9.413258213058723
-46.45061176022192,-4.726872825090599,-9.413833480606128
-46.458412831327145,-4.7269411983960055,-9.40867186510254
-46.460773794319294,-4.728796746986099,-9.40837310113859
-46.45572441691545,-4.736680270509801,-9.408582222027363
-46.45251392940973,-4.742203130385891,-9.40325887910204
-46.44606865170742,-4.748811747583542,-9.395918295959484
-46.44194014482103,-4.752157092259001,-9.38849187876114
-46.4446058665292,-4.751519349329976,-9.385822924613906
-46.44132562346117,-4.75241178828964,-9.377363650325682
-46.43521330422684,-4.762642392618686,-9.36026628240136
-46.43218353416026,-4.767202933474976,-9.354162382632888
-46.4293730270269,-4.773505434390006,-9.346519693218106
-46.42483775696645,-4.777713682461463,-9.344443389985203
-46.422949103730325,-4.780178649768186,-9.33926216394814
-46.42242105653751,-4.780108348505287,-9.342225773914649
-46.42303214672727,-4.776639602803431,-9.349605379286814
-46.422820048554115,-4.773078780036268,-9.361704968516888
-46.421486630221146,-4.764176715931569,-9.383091299118073
-46.41673070006996,-4.75502449986875,-9.410288288644212
-46.41797410289091,-4.754605789184773,-9.406684774538286
-46.41653429325272,-4.743439757665218,-9.432372164245665
-46.41397286848676,-4.735564558446805,-9.454636290647567
-46.41503433972438,-4.738304408968821,-9.473352509222753
-46.41411588256103,-4.737319331401529,-9.481080857772536
-46.413869339317294,-4.738300697614982,-9.476822021203944
-46.40899950715555,-4.733555769357753,-9.49213238065273
-46.40536880051596,-4.729736279644963,-9.505950686119418
-46.40685520961018,-4.726204814728026,-9.524039614257049
-46.404309784426516,-4.719409796771532,-9.551156945271165
-46.400362033286996,-4.708484532802523,-9.583620474482046
-46.38792002967856,-4.673275592025027,-9.683919409994092
-46.38333611930787,-4.661282143621632,-9.733505929793836
-46.383890394912456,-4.656944378916723,-9.722428427178329
-46.38854475988615,-4.6481594086418525,-9.762597581080362
-46.39235176243432,-4.644041786965806,-9.800551190155357
-46.39851575953917,-4.644861039476842,-9.860234804099088
-46.39723132879618,-4.64455337025237,-9.872970233966702
-46.39742304838166,-4.646225032369395,-9.871593366653183
-46.39742304838166,-4.646225032369395,-9.871593366653183
-46.39798273637166,-4.647473489513419,-9.866860297264028
-46.390523862242645,-4.641410753710668,-9.839459279246109
-46.38568060890333,-4.632127536422282,-9.82345960010707
-46.37888921542136,-4.6268360835511615,-9.806265844342528
-46.36930813370464,-4.618661645227033,-9.792869545408308
-46.36780937637626,-4.620282431202671,-9.791470679924439
-46.36757725352601,-4.62349591987142,-9.791544641863924
-46.36522801081959,-4.623581193202799,-9.800280645386593
-46.36770420241841,-4.61991917443498,-9.807557063679829
-46.37194202184768,-4.618550455023113,-9.813647241641338
-46.370323006835164,-4.614929434456052,-9.819354954199676
-46.37153592155651,-4.612416648890969,-9.822727483025032
-46.37279017857622,-4.609126382748839,-9.82488338908651
-46.37320541175768,-4.60176251104803,-9.825790126732961
-46.366700945097016,-4.596894675600324,-9.825044667519188
-46.35928555089554,-4.592104965857914,-9.821897614584428
-46.35446109081659,-4.588389923920817,-9.817503612998658
-46.36084199551816,-4.590985216938735,-9.814263848107691
-46.365046984240195,-4.596618134286815,-9.814007306316185
-46.36718147721538,-4.604682557852125,-9.812388803734136
-46.34598191167468,-4.598189700890422,-9.798713014091334
-46.332875192738165,-4.593001472772511,-9.788017162833864
-46.32088172842144,-4.586014955463979,-9.78023391398677
-46.30823569953037,-4.585155971997024,-9.771179300015445
-46.28052523990584,-4.586249409618723,-9.754617492572622
-46.26870097231386,-4.586787223364618,-9.745219278151014
-46.26013998206105,-4.58251999163365,-9.737253072703671
-46.25263031469684,-4.575117557066621,-9.729710396963124
-46.23890712940321,-4.563543410650688,-9.719385362209751
-46.23890712940321,-4.563543410650688,-9.719385362209751
-46.22448149695906,-4.557031693804047,-9.708723678862905
-46.2185300573046,-4.553872584834303,-9.703936262747732
-46.219112894816924,-4.5496660708755305,-9.701500530258729
-46.22116528940425,-4.54709307541953,-9.699187732414849
-46.22461973849158,-4.546096258853188,-9.698739397269533
-46.23399965022516,-4.548970224254774,-9.697648224662698
-46.23633051127678,-4.547623406840156,-9.705700105615179
-46.239793700705576,-4.546960208647554,-9.710511074386933
-46.24717657681941,-4.548963461138464,-9.71353161231998
-46.25080171224982,-4.551327590616946,-9.715073883269286
-46.25578738551163,-4.555946343026356,-9.717013860455994
-46.26233660110766,-4.55918630314664,-9.719752786683273
-46.265494221505705,-4.561519681306845,-9.719760379476607
-46.274668178080105,-4.56286750042744,-9.723511192559071
-46.29502061778432,-4.566085518197531,-9.732120612724207
-46.305470275528286,-4.56942895871083,-9.734985610498002
-46.31804922421268,-4.573896265914428,-9.73956132001983
-46.32673952905965,-4.577591064446421,-9.744108438218518
-46.32585700906512,-4.577297838623106,-9.747046265504107
-46.32305511255504,-4.57752956385593,-9.749437784352434
-46.3424830580834,-4.571773372244215,-9.756336579372048
-46.34379140511669,-4.569398721797758,-9.759997974748936
-46.344397567266995,-4.566433923593272,-9.764595766865199
-46.34386189686703,-4.566050984966285,-9.7685793219299
-46.34351867479883,-4.564615939283902,-9.77283238055233
-46.342382504708965,-4.560701242871908,-9.781372707488163
-46.33923239752484,-4.551429288987487,-9.80438805745341
-46.34003147757582,-4.546099984455556,-9.818907004678906
-46.340389222669415,-4.541970017388959,-9.830781447082488
-46.339473804366044,-4.540388555069009,-9.839864467426855
-46.34442856053289,-4.54094053881245,-9.839344104951333
-46.33738194240944,-4.542108421790747,-9.849387613437338
-46.33367399215191,-4.545607910202824,-9.85191068897101
-46.32891498454431,-4.5534840909971015,-9.850064137440771
-46.323270766213405,-4.560111387032872,-9.84908896532298
-46.31667001426823,-4.566143641995712,-9.844677949682783
-46.3176570279674,-4.566882719119045,-9.847203809239527
-46.31234252653078,-4.574396288067569,-9.84206054743921
-46.307740371139374,-4.581363830352668,-9.837309136180787
-46.3007022181631,-4.58753330813426,-9.833790298536098
-46.29840820520873,-4.591709573802505,-9.830126161327925
-46.29472146932564,-4.598227597610506,-9.830018978897042
-46.291285803865925,-4.603512398075896,-9.834628642641077
-46.27836410735427,-4.617861651946977,-9.83834233369467
-46.27621552956644,-4.619734322698324,-9.835594194276988
-46.270359096492804,-4.624511314572092,-9.836376724870746
-46.26396072587019,-4.628461279053739,-9.838338721055578
-46.2577573912337,-4.628642874798274,-9.838290728232959
-46.250932115692,-4.630903510089319,-9.838642964539082
-46.248375613969785,-4.628121796982773,-9.836577555410113
-46.2373326019641,-4.628060342786398,-9.83552925875805
-46.234569980975124,-4.6279648759324,-9.838354474333986
-46.233375846221215,-4.625924673888478,-9.840939464124475
-46.23112927858736,-4.623650023659737,-9.841957611960783
-46.2317333773559,-4.621608663949431,-9.83958341620716
-46.22588997270963,-4.618355639486168,-9.833610630423035
-46.21858142837231,-4.6173331522679675,-9.828758355819822
-46.20859082826173,-4.617359840354767,-9.819678558786078
-46.198027434527575,-4.6131341490527955,-9.813056955864667
-46.19281266240306,-4.6091133353115525,-9.81503768890259
-46.193469244470215,-4.609756435141375,-9.818372236898908
-46.1878854314725,-4.60697249702045,-9.821472970615767
-46.18176149675284,-4.611475728443709,-9.833362669543563
-46.18022780809878,-4.616927713976466,-9.84028546696678
-46.17607204698605,-4.620166731334619,-9.852171705178623
-46.17261050303242,-4.62483538078583,-9.85929695910938
-46.1724901507815,-4.631018775042142,-9.864495640666595
-46.16540126751828,-4.632134374425312,-9.867154975440284
-46.16093285797534,-4.636850580611737,-9.869513476111841
-46.158467854575456,-4.640511894912927,-9.871834155277806
-46.15846374349963,-4.644462502004859,-9.875794490364695
-46.15915718226147,-4.646462002153944,-9.880167651880553
-46.1626612910269,-4.64880796623944,-9.882977801979903
-46.161040859222034,-4.644932177198525,-9.887001817445753
-46.1641178560641,-4.645748015073231,-9.885617694734226
-46.16213050990093,-4.6444068892802735,-9.878312653603697
-46.156938846786666,-4.6417660117989445,-9.870602458146344
-46.153699258880465,-4.638459201259169,-9.869405263894983
-46.1488413286368,-4.63361780824288,-9.862805036306918
-46.14332918864406,-4.627208041970518,-9.859629939441817
-46.1417883817588,-4.626939812955883,-9.860055700245127
-46.136166175922135,-4.620251043790607,-9.861241111636318
-46.13104016974704,-4.613888664184469,-9.86362281876586
-46.12524783033974,-4.602833325767448,-9.872063618655682
-46.12446471415078,-4.595734287460182,-9.880843277667203
-46.12477788099687,-4.586375511900746,-9.890440414274503
-46.12619285180256,-4.585748770718881,-9.890598575166031
-46.130730319275415,-4.5751271646956235,-9.898269322141967
-46.13273870899243,-4.5670215092440785,-9.90649140161369
-46.13518493461841,-4.561382551729589,-9.91133394016041
-46.135311416215586,-4.555114129970227,-9.914735874659296
-46.13163378124047,-4.552608663910133,-9.909043186020975
-46.127086763254994,-4.551952183379084,-9.916232619185964
-46.12367040539288,-4.552180169725686,-9.918920612681442
-46.111787987844764,-4.543281049750332,-9.914855867307141
-46.10971556762474,-4.543280314784551,-9.91706082329276
-46.1023702457957,-4.537504691334831,-9.91573707174126
-46.08762893077431,-4.533218696050041,-9.911946207952838
-46.07941921560237,-4.535230829867469,-9.915472810407676
-46.06771009026525,-4.539589717798751,-9.919973970663499
-46.07323085890223,-4.536447575183589,-9.924043726479171
-46.06988999895567,-4.536818310652572,-9.923431585616678
-46.05958459983714,-4.534380835338504,-9.915913059155026
-46.05182960873887,-4.52955212165307,-9.912984009717523
-46.05003854516687,-4.525508559924588,-9.903760933905206
-46.0544754377447,-4.526362785195966,-9.901471793312966
-46.038388432983076,-4.520912677245576,-9.884542681195699
-46.01445857104672,-4.5211292345764775,-9.871767982201785
-46.00401702554153,-4.520415240906851,-9.8679255518864
-45.992083830171616,-4.5219213024912195,-9.867527161607509
-45.994825178274475,-4.521198170030624,-9.866499715211708
-45.97666006944641,-4.518105080603232,-9.870384372536245
-45.966625181148245,-4.517613555509498,-9.871623707221831
-45.95874269676168,-4.519135781089131,-9.873972928377757
-45.95249449039241,-4.519010450474456,-9.875208293520165
-45.9484263652819,-4.5193020133856185,-9.876053149374535
-45.9484263652819,-4.5193020133856185,-9.876053149374535
-45.9460838512102,-4.519141739179749,-9.874849256478159
-45.947715546554825,-4.5206508184085745,-9.873930375918754
-45.94868681158844,-4.5235910641446635,-9.86544456026781
-45.948728140177046,-4.523078887195075,-9.866538363673602
-45.94424118469297,-4.5213377227314275,-9.859262493269688
-45.94261171267079,-4.519928368979196,-9.853136481980474
-45.93831175701869,-4.516401525702171,-9.849269722359267
-45.93398428207395,-4.516011221166106,-9.845714685414569
-45.92369558409691,-4.514808413491475,-9.84664201869912
-45.916112797352405,-4.51704366095711,-9.853317544021573
-45.90804536252331,-4.516230352344395,-9.860052694214938
-45.90101483703267,-4.512977028163878,-9.86730024501218
-45.89496998949682,-4.5103756150311165,-9.876737114637388
-45.88827782453308,-4.505868454226893,-9.883846766278355
-45.88504241063418,-4.503047442915025,-9.886736236581505
-45.885075615546505,-4.499548572516172,-9.889263388337566
-45.88795818749908,-4.497408559317212,-9.88784090157385
-45.892002582285386,-4.494527860260591,-9.885613131606725
-45.89315980993058,-4.496110383915252,-9.885897410251026
-45.89394534498912,-4.49600081946023,-9.885801567841458
-45.900709589802574,-4.49283197854566,-9.8830547204703
-45.91436977731478,-4.490297108639152,-9.863843933724905
-45.91440455409103,-4.488476082605397,-9.865267094818426
-45.929377902452266,-4.492385857626586,-9.84053202639007
-45.9341593255096,-4.489614166778441,-9.827679560729305
-45.9337067488692,-4.486893813461342,-9.82886635121333
-45.93405621818722,-4.486042536312254,-9.816754113673548
-45.92241775052259,-4.491057793317008,-9.791607332368926
-45.913858552912906,-4.491120692321491,-9.784313709020454
-45.905797561372424,-4.488860489687788,-9.78308056343215
-45.90426896975815,-4.48718233935305,-9.787231871932851
-45.89024877748039,-4.4838278323066,-9.799113354482087
-45.88064482381514,-4.483264973743921,-9.810378380610459
-45.87416851069656,-4.482200730953039,-9.823365404115346
-45.862034149131574,-4.47834824263478,-9.85282618115572
-45.854709089539575,-4.473163529639009,-9.870400339422206
-45.857425415337175,-4.468577182160772,-9.871129995407012
-45.84526632311714,-4.460397015420952,-9.893711572049158
-45.84012658147671,-4.455945210929398,-9.899774452342168
-45.8360841942173,-4.449918868584354,-9.90478757751669
-45.83320217975705,-4.442437772676978,-9.908507616796083
-45.82790761391549,-4.440414576771772,-9.91148062923625
-45.83355910340157,-4.433888225976028,-9.912221486792262
-45.828862763787875,-4.429286127176113,-9.914862231430117
-45.823183752882834,-4.423351449887855,-9.91856956363122
-45.820018446018054,-4.423836098741295,-9.929992974503545
-45.81861607944919,-4.423782706876621,-9.936450296433932
-45.81885919021357,-4.423497452056273,-9.941596043432707
-45.81885919021357,-4.423497452056273,-9.941596043432707
-45.82155072307567,-4.424247073310899,-9.944600584384952
-45.82803344065709,-4.427100166046773,-9.94483337261462
-45.82851871472526,-4.429808889823945,-9.93977249129258
-45.82627455103977,-4.430243666493883,-9.930079065436097
-45.82333623327929,-4.428499535915599,-9.923321428149778
-45.82336574572852,-4.4312281536418086,-9.92031066833428
-45.81679477191311,-4.428756911022559,-9.915886819062635
-45.81418368608226,-4.433669459920632,-9.921115257879018
-45.81339320754581,-4.440233799669036,-9.931722458184863
-45.81359357915617,-4.4503565161253364,-9.944611277089802
-45.81454501453211,-4.460738636654195,-9.958099024494043
-45.815539202494406,-4.473146041672415,-9.96348663841494
-45.81382780909695,-4.472529473933488,-9.965217288047961
-45.81220512086173,-4.4897645271977105,-9.971830229507173
-45.809564591873325,-4.495876308466837,-9.97327731164311
-45.80551402277757,-4.498647602084923,-9.971207534179635
-45.799995543911216,-4.504733440063619,-9.96687336826619
-45.790315989723325,-4.508140617560082,-9.95976554397765
-45.78220989225989,-4.511270621462684,-9.955627187190862
-45.77355002666072,-4.509773734934452,-9.950958265153087
-45.76557231193641,-4.506505276395007,-9.948619839238665
-45.759035959551035,-4.499362341823597,-9.944431422420136
-45.75279200939286,-4.493229262447128,-9.946029208995535
-45.74698334902861,-4.487886520438756,-9.948106535401099
-45.74190911386787,-4.4864625251467585,-9.948150048631831
-45.737740727438144,-4.485942267672134,-9.948297045028692
-45.74387686691647,-4.483896900748746,-9.94175210110136
-45.74596852482942,-4.4835097454484405,-9.938354981981625
-45.74249311766794,-4.482562284583493,-9.942396286333533
-45.73697582469579,-4.484002715316644,-9.946396926097695
-45.73130261103922,-4.486737524892714,-9.946692111166076
-45.72494394765432,-4.487292306522859,-9.946009436778896
-45.717788813006074,-4.486034159936577,-9.94255435575312
-45.7084560852763,-4.484276616705368,-9.935666657719427
-45.697610621181326,-4.482989889039446,-9.930924730270272
-45.68900767411472,-4.488804940457047,-9.926074718289463
-45.68703819864889,-4.490005108905393,-9.925856420495887
-45.68176875819831,-4.495594028145144,-9.923898419520187
-45.67759059529719,-4.498590747035297,-9.921351533134466
-45.67391192912498,-4.500031483670152,-9.916148480584157
-45.67550986817213,-4.498031974775458,-9.914993244902956
-45.67539127536388,-4.489215835287525,-9.909350970152603
-45.67705527616822,-4.487022709247492,-9.907284971966307
-45.67924842137468,-4.47740675973762,-9.905469880311523
-45.67667746941852,-4.4653151282062264,-9.900612354132013
