-54.18705620060099,-3.2039012005129144,-11.288227063485522
-54.17823743111606,-3.2125681048709844,-11.279639455082371
-54.16698993094801,-3.2158878134138824,-11.271050672621659
-54.15422561581364,-3.222493489755716,-11.262163845476053
-54.14632497474597,-3.2262408289419824,-11.26018373350916
-54.1349349238372,-3.231283245851088,-11.25980822480045
-54.11522243843863,-3.2296733718286808,-11.266935579444931
-54.10963458177344,-3.2253563919954114,-11.269813635251714
-54.09575691839347,-3.23508983319258,-11.278424131787595
-54.0845125395084,-3.230607095746717,-11.290974610937653
-54.0789800920961,-3.2204753046320502,-11.303882746081454
-54.05561887139465,-3.198556891177091,-11.328171832018526
-54.05039356533596,-3.1815537695179428,-11.338507797327075
-54.040542348468826,-3.161983739007718,-11.344952904925892
-54.03122786896157,-3.1396411472798476,-11.346928183938319
-54.02566235102423,-3.1174298149126076,-11.351096322789065
-54.02777978964134,-3.0961292549254495,-11.35426966524702
-54.03091362824501,-3.0766574924871115,-11.358034988133168
-54.03787188917391,-3.0622993371016674,-11.360853606904051
-54.04855230513318,-3.053880906432169,-11.361108111284743
-54.0540708040798,-3.0491882785858113,-11.360731979389344
-54.06584400859879,-3.0450525734127036,-11.359509079081691
-54.07644963911712,-3.046583550832213,-11.354821999750405
-54.08561868166617,-3.060297680854895,-11.34632286376633
-54.085233631485266,-3.080528546680469,-11.333541538187905
-54.08582574618581,-3.0792520719874847,-11.333300066341106
-54.0806652757902,-3.092412293389383,-11.327064228833176
-54.06913002888713,-3.1077292393511793,-11.320092385184601
-54.05623557845295,-3.1255663101004765,-11.314099307015033
-54.042724032381614,-3.142680353652918,-11.31185501951188
-54.01778106787854,-3.178942446804673,-11.310624136486465
-54.00826937344439,-3.1959663028267764,-11.31294446284411
-54.0012199673406,-3.211041555771675,-11.314815414646638
-53.99813869523726,-3.221001520192483,-11.321948124130028
-54.00191487748561,-3.220300697169005,-11.322743781433548
-54.005211671504576,-3.231674036487889,-11.337071937076473
-54.009888663074726,-3.23359608924509,-11.344908880723375
-54.015048420597935,-3.230655276406865,-11.353383589597028
-54.015048420597935,-3.230655276406865,-11.353383589597028
-54.02374342297845,-3.226225102617403,-11.356866135678397
-54.02901104843929,-3.220524886976056,-11.357698629171157
-54.041842538984966,-3.2109229025266752,-11.35364517073639
-54.04252127068436,-3.2127990913812825,-11.351669628883053
-54.048512896497286,-3.20488531292374,-11.348278010695129
-54.04814496141841,-3.201664948867925,-11.35035982913328
-54.04805067594255,-3.2043059402515075,-11.350825961216
-54.041735595498984,-3.1926382145088246,-11.358170591139137
-54.04271204493745,-3.191471231177772,-11.360131154750157
-54.04544724079316,-3.1927605258322025,-11.365354385555522
-54.04515725917715,-3.197505610402423,-11.361913034855483
-54.04921900578949,-3.2014440970781766,-11.36524231681146
-54.04921900578949,-3.2014440970781766,-11.36524231681146
-54.05104441583338,-3.2091612338238913,-11.36665799321483
-54.050965586667836,-3.214164890149783,-11.3689027803974
-54.053320406884005,-3.2131252965301043,-11.37234564508131
-54.04972529719686,-3.212582095006766,-11.376932085838448
-54.04305085915687,-3.2129773387834932,-11.382656211273382
-54.03600325103624,-3.2112072101275615,-11.388145962975926
-54.02700647022905,-3.209118933758416,-11.395530150434118
-54.01788578031678,-3.210123402504876,-11.40227785722091
-54.01408323821595,-3.214432787316004,-11.411927335226075
-54.00911972709918,-3.2214700289101623,-11.425775310671785
-54.004840656919605,-3.2305721753298067,-11.442106483815554
-54.0058659842699,-3.2519954828644346,-11.470906178042814
-54.00637906397234,-3.2518191119240174,-11.471678567912077
-54.011413722285354,-3.26005927397095,-11.478976881532734
-54.00811153729203,-3.2741315658261474,-11.477459600877824
-54.006099001415336,-3.2768795127562775,-11.466138570169127
-54.003741689544924,-3.279066606010239,-11.45399049004292
-53.999085372523425,-3.2786764687522414,-11.440639926078603
-53.999085372523425,-3.2786764687522414,-11.440639926078603
-53.997841137095335,-3.2744228872918115,-11.437138648903694
-53.99803431551064,-3.273380554419032,-11.438142145976832
-53.99853031376494,-3.2730954459826433,-11.439808994891733
-53.98895444175104,-3.2813707329677797,-11.422142892728239
-53.987838998776404,-3.285242520878997,-11.41468014779746
-53.99025856256639,-3.289668450764783,-11.408079189463113
-53.99374285036065,-3.292765063046421,-11.40496790223502
-54.01337076296374,-3.2944192955865708,-11.41440233336287
-54.021925352231065,-3.297194931319434,-11.420221877837962
-54.03315243353314,-3.296122180442442,-11.42788890653019
-54.041161137173795,-3.298249817960698,-11.441872253091441
-54.04311467022362,-3.298871882089603,-11.442631116022866
-54.059642528139335,-3.3019886119444677,-11.45364981518726
-54.05556032548453,-3.301627520309835,-11.450707456829706
-54.06591779944451,-3.300065520971219,-11.455135613248956
-54.064941442445836,-3.297749443477185,-11.45523716278053
-54.064941442445836,-3.297749443477185,-11.45523716278053
-54.059631245880226,-3.291373692983435,-11.455754640233296
-54.05848147098465,-3.286314854675401,-11.461161351168819
-54.057888409780546,-3.287268944747978,-11.471525865356817
-54.05672150273044,-3.292531036064698,-11.48132882033325
-54.05635643595516,-3.291511311595959,-11.486493821874104
-54.05597960353709,-3.2916506800801293,-11.493382372460953
-54.05689458172012,-3.2894339200535776,-11.506158084550565
-54.06251779571091,-3.279051633626529,-11.508948574815347
-54.06718274391805,-3.2752892805495253,-11.513415128605285
-54.08023882190385,-3.2705884849391818,-11.51306801413987
-54.08871215954379,-3.2716861388812104,-11.517530247966093
-54.08919599609598,-3.278204720223272,-11.524095358005251
-54.102672583201546,-3.283978311457017,-11.518751186043767
-54.10574208133119,-3.2913794519439263,-11.519098942643094
-54.105767398691206,-3.301068883650197,-11.511817231895188
-54.109190153977444,-3.3007547080114996,-11.509064145139789
-54.10540671997188,-3.3099072388901507,-11.499842440309536
-54.090447585287734,-3.3270028158504164,-11.482466613677012
-54.09689558136952,-3.3271833848137105,-11.47893142686776
-54.09378699838614,-3.3374359753232565,-11.464974725358775
-54.08735992123246,-3.357705065443631,-11.438777003343576
-54.08391561983612,-3.368956351920501,-11.428139135104718
-54.07789942365032,-3.3878955721920057,-11.416216960235642
-54.078502978258626,-3.3951843904892245,-11.412133371095633
-54.078502978258626,-3.3951843904892245,-11.412133371095633
-54.07584507733694,-3.4011941987646486,-11.416586026666955
-54.07626916176886,-3.4031313389386146,-11.420036029328624
-54.07819747345423,-3.4017528901750675,-11.426368441092494
-54.082360024532925,-3.398151584990348,-11.435620760703424
-54.07926232394537,-3.3934461678437793,-11.445081285558434
-54.073297132698336,-3.3884482954447406,-11.450974841374174
-54.079612055097606,-3.3925218328216142,-11.452144284485836
-54.08282291365172,-3.39690486848164,-11.451347173826456
-54.07267949668784,-3.3835846567804118,-11.463197051928987
-54.0694925287735,-3.3805977699625323,-11.468751597479484
-54.06794852437754,-3.3647421100397796,-11.477613516524192
-54.06585962000556,-3.3565980568280933,-11.482070003486692
-54.07133363121245,-3.3666552291442824,-11.47633185433207
-54.071220531391695,-3.358279844486995,-11.482548788586953
-54.0782237614992,-3.3481338761764223,-11.490093130655822
-54.09008229777812,-3.354674892872234,-11.484348440270129
-54.09444319736105,-3.3533338306625335,-11.4850350071559
-54.10104585508943,-3.3585697236024847,-11.477005657198713
-54.1058886845806,-3.364206557685058,-11.474139513885937
-54.11455856028853,-3.371262199948137,-11.454802798195672
-54.125429515842214,-3.380471343368916,-11.44515185868563
-54.12935981439546,-3.3864030070804425,-11.440578316027237
-54.133500889519105,-3.39405071866796,-11.435725679174649
-54.133059750058074,-3.4003431219487257,-11.427270990071884
-54.137703704780684,-3.404870700651807,-11.425747470211224
-54.148112405954095,-3.4142039390592736,-11.422678387172082
-54.15732806130782,-3.4217533076984386,-11.426015141126905
-54.163997097668926,-3.428894273611688,-11.428165354119166
-54.169654851250954,-3.435007465970769,-11.428558659235806
-54.17529139509364,-3.4369487896694983,-11.435775308785155
-54.18050159783854,-3.4428154356513643,-11.43615365941199
-54.1825410705453,-3.444567756172532,-11.43764381061929
-54.18713175907529,-3.4491050389590594,-11.434248221373277
-54.19395497168517,-3.456111770635046,-11.425958460271397
-54.19395497168517,-3.456111770635046,-11.425958460271397
-54.20286989227083,-3.4607289142032354,-11.414850117486097
-54.20841856832288,-3.46291483773506,-11.412348488237026
-54.210968546142,-3.4658626597929008,-11.409940991427893
-54.22017056181875,-3.4649774768447865,-11.412508910950983
-54.2264780013334,-3.464451106941704,-11.413794366814457
-54.226194852866904,-3.462743337327843,-11.413732579191223
-54.23187430068594,-3.464667077620261,-11.414846831181459
-54.23423250832551,-3.469457282332067,-11.416012861743745
-54.23511408659132,-3.4623493494622135,-11.417733730948
-54.2372150379308,-3.4631828322369658,-11.421260122056633
-54.22960697169651,-3.460981044580893,-11.43431422356975
-54.22116840665315,-3.4579797835156127,-11.44667958299361
-54.209911512291654,-3.457808587077671,-11.45783650937847
-54.195908190144415,-3.4595604210365405,-11.467126226417108
-54.183450444208425,-3.4587256913002116,-11.478351192521664
-54.182227762210125,-3.4556580963435763,-11.480692530185628
-54.16859194835132,-3.456046729287782,-11.489448439919467
-54.1503632106816,-3.452053179599475,-11.499242913950404
-54.13208875274783,-3.4713985992422964,-11.511057087880205
-54.11862657501266,-3.47802571032408,-11.509644664147794
-54.105817367580286,-3.485538004572622,-11.50389823294608
-54.10371176882725,-3.482121877765005,-11.506085786787946
-54.09725154713412,-3.4870536306176736,-11.497796944984076
-54.09383946556711,-3.4907498129040238,-11.485524900223671
-54.09250157288959,-3.4957506666520475,-11.469621612746838
-54.087919070382966,-3.5002838132038248,-11.45262349913917
-54.07828898395674,-3.514250616120714,-11.425684548889526
-54.075729628955656,-3.5213631343281366,-11.414623247739726
-54.07479653178047,-3.528092821740725,-11.407126304930605
-54.08468071781527,-3.5355819176258168,-11.398266339620053
-54.092864976352296,-3.537181938968424,-11.395362467632156
-54.10098259608873,-3.535863672875234,-11.39687496534352
-54.100601544646025,-3.535376029421296,-11.399849831959967
-54.10626531695404,-3.532501401399487,-11.406709580814848
-54.109179249786244,-3.5322063283265526,-11.415134877971685
-54.10444381477503,-3.522342101081293,-11.436396444552692
-54.103523347491766,-3.5169995134411924,-11.45394980615646
-54.100091228636465,-3.511079567896132,-11.469127551235754
-54.09690420867748,-3.5133169640266764,-11.472424814628972
-54.0895837259645,-3.502285984207571,-11.495832949744447
-54.08777406882323,-3.4946927286475105,-11.501713496216327
-54.0732828482623,-3.4910779499477633,-11.501037578190417
-54.06586556309172,-3.489583876759812,-11.500497715798948
-54.06074805356143,-3.495655270981204,-11.493488985349885
-54.05274862114749,-3.49659291220519,-11.493749638823402
-54.06429675957062,-3.5037780271676757,-11.476892222986017
-54.07158936168397,-3.5066879664418082,-11.46628777124988
-54.08219713252583,-3.506229470251229,-11.453711768509658
-54.09290677164855,-3.5006078971489,-11.445285370074032
-54.10272267863441,-3.4977062987402383,-11.439787562098052
-54.10803109163083,-3.500342524772378,-11.437146140831336
-54.1163868376794,-3.496184612645833,-11.440181960579908
-54.12066550498908,-3.4964171333244924,-11.448368747158716
-54.12392378169725,-3.4980557015914124,-11.458109925776496
-54.1247083040492,-3.495556002335465,-11.456563831634387
-54.12632674443688,-3.4982390962084913,-11.465706986991451
-54.12664414521082,-3.504649964832379,-11.475655379276205
-54.12432437222944,-3.4996791942266925,-11.471915462598536
-54.121018117576554,-3.501321359396311,-11.480668457045192
-54.11203997334946,-3.5056758349009045,-11.504317472377679
-54.10623886879966,-3.5077885301129386,-11.513590311778088
-54.10376408636872,-3.507560960181476,-11.520331902783608
-54.10310684336251,-3.5144961439840943,-11.522156170768278
-54.102006627177765,-3.513568210932475,-11.524810982495689
-54.102328163319285,-3.5187445701975846,-11.523547200143453
-54.10090554635572,-3.5344156784123504,-11.51307253621771
-54.09754631619684,-3.529583790269841,-11.514575508045464
-54.08525411532631,-3.53788815367405,-11.50953660139365
-54.07844105603821,-3.540974465909906,-11.507494325861884
-54.075188234054835,-3.531965644477722,-11.510131908317263
-54.06788627644545,-3.5328825803999644,-11.510195988453653
-54.06099658333176,-3.533037050452511,-11.515708134271133
-54.055436344254325,-3.5348405042613598,-11.521510943735597
-54.05555025081188,-3.538872813502024,-11.523643476978116
-54.05839524501491,-3.545220464658849,-11.524497976547654
-54.05948248296989,-3.5472869384614505,-11.525879413883708
-54.05928460297598,-3.5502040837811544,-11.525699995124736
-54.05803085532458,-3.554074889509046,-11.524314584968794
-54.05512850796328,-3.5551145326267304,-11.520192712895652
-54.0537079367689,-3.5570982827200486,-11.51564143128979
-54.05170852773344,-3.558188250889703,-11.510290670324213
-54.05170852773344,-3.558188250889703,-11.510290670324213
-54.04778583849507,-3.560161344874295,-11.505280465407957
-54.04283229853921,-3.5637075731688115,-11.499020211134166
-54.04033256015381,-3.5705215928177916,-11.492893914883334
-54.03711283543602,-3.575768815213711,-11.48976755432869
-54.03557588065212,-3.5779547600868282,-11.488713245558182
-54.033952293819034,-3.579720804427079,-11.488728020564302
-54.033013985911346,-3.581792558959324,-11.48950245812464
-54.03139653640902,-3.5825360760431018,-11.488168465082415
-54.03172198401747,-3.5814375886092646,-11.490208936218211
-54.03109453686554,-3.5824513024125366,-11.489669175429993
-54.03667575059585,-3.5825774050633505,-11.491280862012067
-54.04031478107983,-3.579439745583137,-11.49561879658908
-54.04456233258315,-3.5759997095886575,-11.497660888415009
-54.05030545458406,-3.5707110609115853,-11.501878301106691
-54.050218040481866,-3.5707399663919506,-11.502260968323743
-54.05541430909199,-3.5640551350804075,-11.509206471333407
-54.05536894370482,-3.5636073354354645,-11.509770678749609
-54.06101016575318,-3.5484572167291675,-11.526249808832484
-54.05897985908512,-3.539983229039343,-11.536364323084555
-54.05827402800946,-3.5400100636414464,-11.53562870294468
-54.048703031922294,-3.526134766356956,-11.549749680316925
-54.04055509713285,-3.5163730934105444,-11.559595310645788
-54.03777521097375,-3.5126089282962485,-11.562169204799678
-54.03178584117313,-3.508674415111656,-11.563915435409644
-54.032906451239455,-3.5072952200999072,-11.56465391217229
-54.0355129848218,-3.500719887197082,-11.561769245995997
-54.03718008970308,-3.493035196001456,-11.554629187300375
-54.035566147502955,-3.4916611031545632,-11.550884241829305
-54.03026824935563,-3.4907419510361946,-11.548683386135167
-54.02465230634423,-3.492979083968104,-11.54589118580516
-54.016803577784685,-3.4911240487478814,-11.546872770885177
-54.007553230503056,-3.487003195187759,-11.549271999753053
-53.997830338460474,-3.4850994968247235,-11.553585721201763
-53.989648553734455,-3.485386063264959,-11.557335936209135
-53.98353320005257,-3.483516992192299,-11.565848098026487
-53.9833398618763,-3.4866134870829715,-11.569934041126745
-53.98132114782669,-3.486302748392476,-11.57885634246798
-53.979221697383075,-3.486634820886645,-11.584312202074527
-53.979054321156966,-3.4851553463975073,-11.584798874380748
-53.97777918340179,-3.4847950648909394,-11.585944454406391
-53.970046117118486,-3.47759839547277,-11.593078947606802
-53.96343578874163,-3.4723600650757076,-11.596501956424646
-53.960153346771726,-3.4671671298002247,-11.603633972122218
-53.958013906832434,-3.4636288797893195,-11.610805500374193
-53.95794042926654,-3.4647777850756722,-11.61228178567792
-53.957613236099114,-3.455167072766524,-11.630518764049311
-53.95935840664685,-3.452866417591765,-11.63451024959666
-53.96027362763606,-3.437869230988431,-11.63645966025133
-53.96217785107481,-3.4338149757460177,-11.635213276921268
-53.96214321791945,-3.4255074796821074,-11.633545824903457
-53.96417665871977,-3.420561730518344,-11.631283582095014
-53.9641376904515,-3.4131338632792434,-11.630589113657328
-53.96498999211417,-3.4124690669288786,-11.627812537342338
-53.963747695984665,-3.4072630696925774,-11.627446321111897
-53.96422768194095,-3.402967123659095,-11.6281925940601
-53.965645593916584,-3.404871834102924,-11.628550747366312
-53.96812732484888,-3.409412273605239,-11.62713551371427
-53.96762619137627,-3.400621049881967,-11.626928300718346
-53.96392656980549,-3.3922182932759037,-11.626188767236535
-53.96139149793139,-3.3708885176644783,-11.630936316264155
-53.956017106767334,-3.3669374957406104,-11.636993503624455
-53.951043346179674,-3.3672231636625205,-11.641965446829433
-53.948682921138946,-3.3650944150847866,-11.643798522555382
-53.94262936621913,-3.360385236253933,-11.647147313197314
-53.942354426718275,-3.355295568403457,-11.648362425742231
-53.94400589314452,-3.348908973342379,-11.645525973138058
-53.95500273848748,-3.334829034777286,-11.639505241456634
-53.956655084452365,-3.3339344774770363,-11.639276246878575
-53.96491283091807,-3.32524454809595,-11.634069185754925
-53.97061428882618,-3.3247680043735888,-11.637233444125672
-53.97564528422625,-3.3260155741096766,-11.635424673794999
-53.9696878164183,-3.331203306888536,-11.635560986268674
-53.969978802921354,-3.3358430883617594,-11.636098218005579
-53.972000239357804,-3.335442513667686,-11.635276733490246
-53.960406484607354,-3.343235095784683,-11.643189047667
-53.95607131697256,-3.3450878226737077,-11.648695899190686
-53.949961444691134,-3.3460607061428966,-11.653967453968354
-53.945010682596944,-3.345208032386498,-11.659650438949956
-53.938014705251376,-3.349812336479775,-11.66652481478387
-53.938014705251376,-3.349812336479775,-11.66652481478387
-53.934330537217726,-3.357578463608984,-11.678022573663826
-53.94052542290606,-3.348608531764583,-11.675839708748082
-53.94241369729702,-3.344539400736867,-11.67572562456456
-53.940228097242674,-3.34435920184915,-11.681200310701643
-53.935356189389935,-3.346644804599912,-11.684074836951273
-53.93170414907064,-3.3469692342442086,-11.687746226275861
-53.924387513533546,-3.3458699144389574,-11.687305135550803
-53.91614968368337,-3.3450419827987297,-11.684640935192169
-53.90393262168957,-3.343671989096154,-11.671703735382133
-53.89914907565888,-3.344518090212437,-11.664072418118295
-53.893434085516006,-3.3462993340555585,-11.652637311026094
-53.89222042726521,-3.347776671907881,-11.646904802783029
-53.88768680767578,-3.346211458796209,-11.645511199420726
-53.88038185925031,-3.3460708878007495,-11.642690205429727
-53.87644884340594,-3.345038738441358,-11.64366165253205
-53.871296836530014,-3.342450373560996,-11.646955169921066
-53.868091148767206,-3.3378864296321082,-11.64932605285295
-53.86833302088625,-3.3339178137952583,-11.65782385590615
-53.869122556833474,-3.3352212297543185,-11.658488993723664
-53.86910051863146,-3.331491465708993,-11.664247908634003
-53.86885994877165,-3.327536503575746,-11.672362299936346
-53.869700360001424,-3.3224235891172844,-11.684001724177726
-53.86885945977897,-3.3182050076669674,-11.691720683985148
-53.86212212763632,-3.306133010348354,-11.702083999690323
-53.86310308282082,-3.310575718541175,-11.700729244564393
-53.86401196371702,-3.3123786101378765,-11.699740253858032
-53.861385333765135,-3.3037574948869235,-11.707749002652012
-53.85990220544094,-3.301726282920215,-11.708777104267138
-53.85904946313572,-3.2946935104804065,-11.71220929229093
-53.86048428441109,-3.286774014636802,-11.715647000542168
-53.86146300667941,-3.279854249321781,-11.71738741760554
-53.858077166953386,-3.2733636147913376,-11.719628302231893
-53.84329055171339,-3.263742169357197,-11.716681083908595
-53.84379418375471,-3.2645155530968726,-11.7155074771831
-53.829086454221816,-3.2536588802543975,-11.711183960852319
-53.82452723511634,-3.251734553205975,-11.69964399687031
-53.82452723511634,-3.251734553205975,-11.69964399687031
-53.81651757828657,-3.239429511084689,-11.692439688974133
-53.8173704936646,-3.2371191639621837,-11.691752040449167
-53.81757787414611,-3.2367875295310777,-11.69360137715646
-53.81978870164842,-3.236321858706289,-11.692743956155033
-53.818545944397634,-3.241522403905066,-11.699541786140554
-53.81670782741651,-3.2439252104939693,-11.704260609050253
-53.81844660922978,-3.2450318285103195,-11.708347415818812
-53.81994609158006,-3.246120890348883,-11.710996178400775
-53.82304049760793,-3.24670364339244,-11.71352662833805
-53.826661950699055,-3.2472423584813224,-11.715390939059228
-53.82797418376967,-3.247033400773146,-11.715701892323885
-53.828511765021034,-3.245985798120024,-11.716807964363827
-53.83153857469537,-3.245237737609507,-11.714115642693255
-53.83367707508905,-3.2430475088761943,-11.716365189686003
-53.828554864831865,-3.2424423314862016,-11.706782287585
-53.82311519164383,-3.241756570989638,-11.696860448515675
-53.815213371334856,-3.2416911368886017,-11.688347241858475
-53.809420393695575,-3.242987449868118,-11.683306166087755
-53.80266285149734,-3.241899960612121,-11.682212569520303
-53.80266285149734,-3.241899960612121,-11.682212569520303
-53.802623204048615,-3.2394109519711702,-11.687467602134948
-53.80536385039999,-3.2351720005865916,-11.692301409172533
-53.80686101848252,-3.229782150251012,-11.699573032255659
-53.807758921922776,-3.2248607633171535,-11.707268510645886
-53.81027297251739,-3.225261554142029,-11.707580032192999
-53.80603791096189,-3.221448009772016,-11.720023392643746
-53.80498858790578,-3.221052522908548,-11.726274064545498
-53.803141043582905,-3.217424672878933,-11.73645590168398
-53.80102383341714,-3.2124701312291513,-11.748896088972142
-53.79750620095632,-3.207651610944126,-11.760301343293579
-53.79886964131554,-3.208083373583074,-11.760066838639307
-53.792041148456555,-3.200183875075312,-11.774158247531815
-53.791264430246635,-3.1980225716717228,-11.77747648477447
-53.79539104573773,-3.1973912166768588,-11.774939720552291
-53.7981691287887,-3.199652725122731,-11.771541458228638
-53.80726507902975,-3.20065394529621,-11.763708913477886
-53.81215386764759,-3.201067595332841,-11.760404711042769
-53.82310147664714,-3.2030162333230705,-11.754575783958161
-53.82411619473348,-3.2059432886377723,-11.754503543033074
-53.832472145691,-3.210089622943007,-11.748900973311649
-53.83105117213154,-3.212667908354982,-11.747861169310031
-53.838401815065374,-3.216433673627203,-11.739880617228383
-53.84030233846601,-3.222842410919771,-11.728609045115027
-53.83904001423184,-3.224224226933786,-11.726416288724657
-53.84157844809768,-3.2262134611779,-11.717220920541335
-53.84288853199136,-3.2298105786358344,-11.708095492192118
-53.8443194059076,-3.2307548828794688,-11.707660519119313
-53.84883503136397,-3.2299610271467984,-11.71011030513174
-53.85102890660111,-3.2297648664212475,-11.709807579857545
-53.855391688893775,-3.2319580056196933,-11.710644889890078
-53.85543013270328,-3.2410126030398936,-11.719373379556426
-53.85959993484538,-3.239895699877871,-11.716206228161333
-53.86377506400772,-3.239795190582786,-11.724129210352677
-53.86799526844596,-3.239309079244479,-11.72105640592067
-53.86825094611305,-3.2356315767945367,-11.729690064725514
-53.87710718540353,-3.234618901194234,-11.732738347788661
-53.87586571155521,-3.2362078329409534,-11.73813775203108
-53.8783721871128,-3.2372300605796847,-11.736010339546178
-53.87756158451092,-3.236931122041831,-11.735913512480034
-53.87561225038384,-3.2406531953269098,-11.727122814811574
-53.87534872080619,-3.2422861308124564,-11.724263542904879
-53.878559262651,-3.244987598567492,-11.717815021190072
-53.884258362901896,-3.247299554086831,-11.713126942893199
-53.878833956528815,-3.25064946760876,-11.713833417132037
-53.87179557757782,-3.2525511971111736,-11.711324833304896
-53.86596304405901,-3.25360408637654,-11.711309563360196
-53.85838160996285,-3.2540996907803974,-11.714523792248162
-53.85061082738612,-3.2559679626508093,-11.723291073234124
-53.852979456674966,-3.2550459588057916,-11.721641211565467
-53.85511038089421,-3.254020899668968,-11.721087803698822
-53.851137672983896,-3.256694798135091,-11.722537336358636
-53.85552273199585,-3.255366401768836,-11.721875719630997
-53.850807409965455,-3.2597148317771993,-11.715497499385444
-53.84720260258854,-3.262498433889723,-11.710343356515212
-53.834129279781536,-3.2685247502730697,-11.700401210237532
-53.82745350808138,-3.270792179227973,-11.696573208277425
-53.82310625067901,-3.269790579116322,-11.693551289183976
-53.81830208009066,-3.2633158661315305,-11.692924557101067
-53.82163298842025,-3.26312225147196,-11.697793236913245
-53.82348521030408,-3.263685641824858,-11.701436312970538
-53.82977902158144,-3.265309896295297,-11.703390270365293
-53.83417048061134,-3.2657180497776808,-11.708146005309548
-53.83388146718517,-3.2617777698266757,-11.711226977055532
-53.83508736164265,-3.259620312085592,-11.711073039963292
-53.83395618534732,-3.2538136115590537,-11.712941120193097
-53.841590812773894,-3.258348346332541,-11.709276141682793
-53.845608844287014,-3.259988886670153,-11.708188431132223
-53.84812224297307,-3.256551960751452,-11.70713015215342
-53.85367622042403,-3.2561486640154804,-11.706540973694391
-53.85686687011267,-3.258571946617421,-11.705744198469361
-53.8600611393559,-3.2540508562273147,-11.708884387264947
-53.86611642821201,-3.256731163298991,-11.709852296283664
-53.869580702617604,-3.2605861810914734,-11.7092792885468
-53.87227528558763,-3.263811020129279,-11.709508896246184
-53.874449633597656,-3.2659984342645423,-11.708958547068724
-53.871986900214274,-3.2613834435376616,-11.706670733300797
-53.86841011200802,-3.2553385151090377,-11.695201778401284
-53.86377789736234,-3.2510922818988655,-11.691082225868172
-53.86331653644318,-3.249471102045065,-11.69033457194506
-53.85523057741841,-3.2403987725609285,-11.693338923064884
-53.85411331735281,-3.242603148025396,-11.691379343014011
-53.850144505318404,-3.2374118526704962,-11.691309846242088
-53.84999658772126,-3.231969475596613,-11.692813106741083
-53.85236883088122,-3.2296768329923284,-11.69582381298009
-53.85094031071923,-3.2259402310151666,-11.696600364208829
-53.85259767032808,-3.2252505589089755,-11.69534510792085
-53.85650425482614,-3.2252548730207242,-11.689166164446172
-53.8623772390813,-3.223660318031929,-11.68630546428224
-53.86583177962905,-3.2210146703274884,-11.672855430996766
-53.8688132758639,-3.2208287480318005,-11.669778690422902
-53.87118137313082,-3.2211404949571123,-11.668454079342556
-53.87441648190338,-3.221542938374995,-11.668636186077729
-53.879766701803234,-3.2194459756420155,-11.67266845252169
-53.88596779261383,-3.21003354545254,-11.68966967049062
-53.89188295291231,-3.2089656170128076,-11.70037078664595
-53.889266923284396,-3.205641084556262,-11.709102971923514
-53.890274765922065,-3.204850087546163,-11.709933808251815
-53.88089512107487,-3.204686207058801,-11.721680694467663
-53.88089512107487,-3.204686207058801,-11.721680694467663
-53.8722209230887,-3.20595909676146,-11.7266329116216
-53.863269275537085,-3.208517747877732,-11.731911898076998
-53.8521060280479,-3.2131065298407373,-11.734965919138393
-53.845008139482324,-3.2104707070241303,-11.735313225849175
-53.835321437630384,-3.2079538523142057,-11.737852724294347
-53.82496703832605,-3.2044969628028532,-11.733676692645897
-53.812950379148525,-3.2021123655403447,-11.731923954988366
-53.80758361397832,-3.199411948526178,-11.73144788161582
-53.80354582478527,-3.1941699038362144,-11.730000540375663
-53.803672228844405,-3.1953408617396133,-11.729688376799851
-53.799785033710954,-3.184152465198066,-11.729903366242837
-53.796261288480444,-3.1804651263304993,-11.730312091190822
-53.793212819425506,-3.1783506834857773,-11.730889111350976
-53.79119276419909,-3.178177712591799,-11.732467655664419
-53.79094120581552,-3.1780778417092783,-11.73233375715361
-53.790684393613915,-3.1820640708111307,-11.734087712043994
-53.79219882593624,-3.179182917021778,-11.736916877553027
-53.79249926392962,-3.1817976634676373,-11.73913418281937
-53.79976274990318,-3.174117447559259,-11.747800748174713
-53.80417610271043,-3.173389953846565,-11.749039270944708
-53.80636258268594,-3.177364792797136,-11.748799899914605
-53.80972262109013,-3.1793207050819148,-11.746179458235046
-53.80640078568311,-3.184295466937199,-11.746242869907999
-53.80862575776883,-3.1910070170715303,-11.737779729905396
-53.80534166906429,-3.191590048190474,-11.728363498691175
-53.80050588282997,-3.186395588011764,-11.710857632726434
-53.796197187828994,-3.1888852521313464,-11.705763655248996
-53.79559081085196,-3.199543982455,-11.700691214535073
-53.79559081085196,-3.199543982455,-11.700691214535073
-53.79553277526222,-3.2110716171825033,-11.697205716571261
-53.80055323380414,-3.224014916973886,-11.691174979391024
-53.796649823719484,-3.223701415334597,-11.690692382081025
-53.79874613445847,-3.220520557094532,-11.691144997726829
-53.79836889595021,-3.219442695381576,-11.691378642435064
-53.80492015887723,-3.2137513940479026,-11.686130239958553
-53.80492015887723,-3.2137513940479026,-11.686130239958553
-53.81357544531294,-3.206895567681904,-11.680899791091864
-53.82076267272311,-3.2047709432148497,-11.679629891149968
-53.82677357273311,-3.2111711077408094,-11.667237983879886
-53.828782084512966,-3.208361114281845,-11.666226270668435
-53.82985459472672,-3.2081349074703196,-11.665134456348333
-53.8296158593149,-3.210343990983779,-11.665540864077432
-53.82971759918664,-3.2231111095950844,-11.667368175963206
-53.82623027881039,-3.2293616808208028,-11.668315170639753
-53.81848716482292,-3.2353580920971523,-11.667232256239082
-53.8097758636875,-3.2421959311222217,-11.664998494707525
-53.800412446769094,-3.2466107420578654,-11.667224548110536
-53.789364976512516,-3.245174734062609,-11.677686964013194
-53.759935403862755,-3.2535812082270863,-11.69903230802013
-53.76085358913275,-3.249531514413835,-11.701976696085346
-53.746693019215556,-3.2530217138871396,-11.706529276588084
-53.7336611962308,-3.2590949538405436,-11.705602210720423
-53.72143998378799,-3.258541452443758,-11.698026358271157
-53.720583973254165,-3.255351484704895,-11.694081741250878
-53.72298188749648,-3.2491546127991646,-11.689985385748564
-53.72574111718896,-3.2441720980150364,-11.680590361002068
-53.726488421648675,-3.240750611055891,-11.671403420004877
-53.726310010525275,-3.235817190760104,-11.662739150854017
-53.72077286301183,-3.233092991631674,-11.651683695246431
-53.71628252187663,-3.229855615412359,-11.648138634002894
-53.71232890197471,-3.2262242424442773,-11.644682733423878
-53.71051440807808,-3.222776847773225,-11.64680772475934
-53.711205101733654,-3.222132117048698,-11.651118168153896
-53.71595504317588,-3.218945572224564,-11.661688485854887
-53.72046645620582,-3.2177265064510383,-11.671651714606085
-53.726588188633116,-3.218222686425297,-11.676383806923653
-53.73392288843785,-3.2145977993114694,-11.680840952558443
-53.73257007203092,-3.2129343425391514,-11.684986811406528
-53.730061313036174,-3.2101649367787863,-11.682642074258215
-53.72455854641683,-3.2122601963483715,-11.683345086051338
-53.72203371630839,-3.2056559376549987,-11.676546504848089
-53.713435614568745,-3.198673080805324,-11.670019099525572
-53.710077617446466,-3.1988885516423853,-11.67124747488659
-53.707692336353276,-3.191532572962506,-11.664850664227272
-53.70224552476101,-3.186802776721433,-11.666505674001122
-53.70340370790363,-3.182055680622635,-11.671233665588371
-53.70429297036959,-3.1800463687144114,-11.67918424486316
-53.70525884851328,-3.1812365122439363,-11.686317351830771
-53.70812188003785,-3.1802929488282787,-11.694434059577347
-53.709752310430005,-3.180195747645878,-11.700385710420809
-53.71201969210543,-3.178168866132456,-11.704440422710078
-53.70632178924678,-3.172005110550224,-11.70625092447551
-53.700563934014674,-3.1690006142630156,-11.704835689462904
-53.70174567764371,-3.1681040974813706,-11.701858034030947
-53.694471942556525,-3.166349366866446,-11.695570292554187
-53.68724936403288,-3.1623866244179974,-11.691100753789128
-53.67380157595915,-3.164621099878052,-11.674653910778538
-53.67490868308774,-3.1633785888900605,-11.67421846663139
-53.6696179400818,-3.1664769019143852,-11.666144784430234
-53.662322555995885,-3.1699669278014375,-11.653315776046327
-53.662322555995885,-3.1699669278014375,-11.653315776046327
-53.66365067801309,-3.172404093824934,-11.640374191814843
-53.66343011559712,-3.175029741387722,-11.636986880175284
-53.660795371960816,-3.1774660152689385,-11.633991883884079
-53.65679321745219,-3.1743402768755717,-11.63291990274287
-53.65588910704098,-3.1712702051241393,-11.632465132914326
-53.655864351594516,-3.1667125391031865,-11.633809027789155
-53.65059090929549,-3.1740979057588437,-11.6379975879232
-53.65044614117462,-3.1743721826774647,-11.647010371245562
-53.64682209083494,-3.1761260602615935,-11.655041940643448
-53.6399417704268,-3.1770164465551574,-11.661133684825167
-53.62975583444549,-3.1813825551490766,-11.677013878721695
-53.63017845727162,-3.184770289864163,-11.681151857959215
-53.624335728680435,-3.1767221922201765,-11.678135118921261
-53.63102030275314,-3.1799600578989704,-11.683447014390765
-53.63159031660633,-3.179793901867375,-11.68579785025273
-53.635479609258795,-3.184611046857961,-11.688867361851816
-53.64166893026487,-3.191163187431892,-11.684605243257066
-53.641750329712345,-3.191188463817206,-11.683625216584266
-53.642694796310806,-3.1894181972489117,-11.683672351681464
-53.642829512575204,-3.1876870901675236,-11.685263112124103
-53.63901003450502,-3.1837541768318833,-11.687424268607973
-53.64050852551546,-3.176214610498868,-11.707567049432544
-53.642515721433305,-3.1767979179652928,-11.71641211136325
-53.64190365271096,-3.1758010389344093,-11.713597993036556
-53.64092534482673,-3.17455925966353,-11.711859525471914
-53.640265602210604,-3.1750336664896954,-11.709550019558845
-53.64220632490245,-3.1739949968344336,-11.715271007913994
-53.64367509170452,-3.1731241443501794,-11.720208303731768
-53.65364933475544,-3.174154030918395,-11.726658272626562
-53.67184770254572,-3.1770955385148727,-11.725238581112055
-53.671914884337454,-3.175267975549012,-11.722634679369932
-53.67841915357306,-3.180192070546282,-11.719926017807184
-53.67604594568387,-3.1799146643135474,-11.718653368163379
-53.68725284124054,-3.1883656132965665,-11.712385429177942
-53.68965456687301,-3.197303502131955,-11.700342193927058
-53.6845403688757,-3.20093557235131,-11.695774306278425
-53.673602558808106,-3.203725946443866,-11.692199022486195
-53.67032613351299,-3.2029707610056115,-11.691301241324881
-53.66356698809256,-3.2037989004823912,-11.690774689032915
-53.662324537839886,-3.2090365371723877,-11.692047600208722
-53.65842071006238,-3.2173536259073554,-11.689507157929013
-53.65658666346974,-3.216406297965727,-11.687208968384565
-53.66201535511336,-3.2306533396074304,-11.686829561259602
-53.66406725277715,-3.2335666475090585,-11.680126572056398
-53.668323065456,-3.232990591844962,-11.677964932613415
-53.67255972105937,-3.2323747969684566,-11.67368884497154
-53.67760553564526,-3.230878992833083,-11.667264683878372
-53.68027741753948,-3.230872410904119,-11.65845022510469
-53.680137839949204,-3.2302993128682522,-11.64906796872219
-53.6802822936072,-3.228212314819451,-11.641387220480734
-53.68201545664162,-3.2268004719206744,-11.634739454654872
-53.68333707797694,-3.2273131088420812,-11.636820442226597
-53.68224839644691,-3.2276156957463233,-11.64296981317702
-53.68224839644691,-3.2276156957463233,-11.64296981317702
-53.676010127643664,-3.2384172324402054,-11.66152921155895
-53.66962488900023,-3.2433848668259797,-11.67237855292816
-53.66278403504239,-3.2460954433429934,-11.683805418979526
-53.66209502566594,-3.2422891149356228,-11.685116044439486
-53.6580946887017,-3.24576127204229,-11.690267527699515
-53.659577582602125,-3.244368980189394,-11.691349916235161
-53.66262502443169,-3.244425465583327,-11.693893641254387
-53.68728693109672,-3.2470715399312144,-11.682435493808258
-53.689915071224284,-3.2461033490919435,-11.683502252386775
-53.72316425170898,-3.2512164328162934,-11.669034771785036
-53.733172579716026,-3.2520760064478664,-11.666349755634224
-53.736275774300054,-3.2543253978162516,-11.662805866130263
-53.736533208046055,-3.2518975752616797,-11.664139021607587
-53.727293150414226,-3.2477419963332066,-11.663536277056286
-53.71261000445583,-3.2428960028269818,-11.667243475816427
-53.696251213077296,-3.235829815359821,-11.674363223791065
-53.68391651604625,-3.2294718016754964,-11.683712805741783
-53.67385252181243,-3.218130293810368,-11.699021986993577
-53.67000511791473,-3.210718431138429,-11.71350487731878
-53.67228072445397,-3.2048357504629843,-11.728328931727425
-53.6774011570192,-3.198733803795664,-11.74314534473218
-53.678460548530126,-3.197906888661043,-11.74262117143919
-53.67280587563054,-3.1953877007765574,-11.732154514370908
-53.66799626787615,-3.1917422035000027,-11.718841281412864
-53.66799626787615,-3.1917422035000027,-11.718841281412864
-53.66487840357898,-3.1866671512125837,-11.685932830490312
-53.66622328414029,-3.1857443845580886,-11.669685159570452
-53.6683228072343,-3.1871950160621654,-11.658128286216426
-53.66782693497165,-3.188794342168927,-11.650276771966762
-53.665909313190895,-3.1873772321478615,-11.646402795155957
-53.65990167308439,-3.18821468388319,-11.650038209923922
-53.648803477779204,-3.1896490151907275,-11.65846959289767
-53.633938532409175,-3.1865610826373953,-11.670168035531034
-53.617516602332046,-3.1857861394426763,-11.686197648409568
-53.59859330154688,-3.183133094742263,-11.704308037491154
-53.58191438909284,-3.181060051939576,-11.722938040308744
-53.58694454034286,-3.181650064664204,-11.720055988519496
-53.54985623294728,-3.1704460027335357,-11.747572005153389
-53.53770831003948,-3.167814000531599,-11.747409757545064
-53.54005860459406,-3.1678528598297393,-11.744014143254807
-53.53035088077194,-3.169619822150792,-11.737980619394307
-53.50956531491161,-3.1754830948712973,-11.711513066519686
-53.5150415425042,-3.177666146418502,-11.704534981274042
-53.49354955212416,-3.187309721822967,-11.66606630852719
-53.48422153584322,-3.1934923895922203,-11.646528182374379
-53.47784937846148,-3.2040285382916314,-11.621968559026362
-53.47257029661788,-3.2172212129247337,-11.599556114624205
-53.46499278710105,-3.2255675500082632,-11.586466757018615
-53.45842812711163,-3.233700867967853,-11.577568983845655
-53.45511375956798,-3.237037709190201,-11.579390507545483
-53.4522580464673,-3.2430899683661587,-11.57805928333997
-53.451992818346056,-3.247634626921713,-11.585442762379527
-53.454890425975286,-3.250750828552601,-11.592346477173407
-53.46207144105561,-3.2541464855197972,-11.600929550581291
-53.46261933076311,-3.2567300824688536,-11.612407266569964
-53.46380436357038,-3.256146488332649,-11.610774500483785
-53.46759271748347,-3.2578684230882162,-11.62929759545796
-53.473153478421274,-3.2594169418342305,-11.635808735813798
-53.47751433111055,-3.259189521042895,-11.638387286162034
-53.48094790972071,-3.259537310790676,-11.640460838677082
-53.48331499588699,-3.258885140385021,-11.637691668533936
-53.482271161105125,-3.2585041750475914,-11.634283430708175
-53.48396618726606,-3.2577257925223844,-11.621559716160354
-53.48641472101798,-3.2520630021804267,-11.613447028707922
-53.49105727813283,-3.2497613035397452,-11.605041411252488
-53.49100967327867,-3.251806051223487,-11.597528180134391
-53.4922406128715,-3.255005841542195,-11.591946496450262
-53.49341838608485,-3.2628689031305553,-11.584263770709189
-53.49257705301132,-3.2716231165848657,-11.579211348107894
-53.48961107087787,-3.268508948543773,-11.578917365420859
-53.4869591111801,-3.2759150293180777,-11.582204168071659
-53.488194405632385,-3.291694543879741,-11.58048394187961
-53.487960611067436,-3.2896589800144875,-11.583827670259595
-53.48708410114566,-3.290552531805631,-11.585226108775142
-53.488099141950464,-3.291790253546952,-11.593938085677213
-53.488342319928954,-3.2952148164884414,-11.598547957192839
-53.48980123635662,-3.2887081845862944,-11.597006608172801
-53.495901614016645,-3.2908772328054385,-11.61395213106686
-53.499005971964884,-3.286269810727158,-11.623184268016066
-53.499005971964884,-3.286269810727158,-11.623184268016066
-53.50773286528712,-3.2817790753808107,-11.640499458322715
-53.51336422079285,-3.2792407225355857,-11.648116636019635
-53.51845473930189,-3.2765936169112644,-11.653285238064392
-53.52243975161273,-3.274572734396704,-11.659267391898092
-53.526373961180006,-3.2720286307363624,-11.665589054879836
-53.524142911240034,-3.2705477388535646,-11.674739434527531
-53.526110494010744,-3.2703027074484097,-11.6735675599841
-53.52384665427048,-3.270074143706837,-11.685265944098948
-53.515980839438846,-3.272233756801893,-11.696478310089528
-53.50654210224404,-3.27598738999479,-11.711245834827917
-53.494554175178,-3.2797140548597983,-11.725788637791842
-53.470666234240035,-3.2820104527491685,-11.752171013578414
-53.4595949686805,-3.283696500462654,-11.755920503597252
-53.45058683173837,-3.282197665305665,-11.75963193373691
-53.44422578231582,-3.2850201203676357,-11.758493945496749
-53.43898847355808,-3.29034046910176,-11.757312105229937
-53.43703396159866,-3.2999176146329567,-11.760013505275824
-53.438914391848066,-3.309261353084649,-11.762715520764283
-53.44176822160922,-3.3145502874974615,-11.761133469907524
-53.44681264780886,-3.3202725392149346,-11.759357681225485
-53.452823842175285,-3.3205047331953375,-11.754174196380724
-53.45894712573492,-3.3195281579139175,-11.743870836522003
-53.46666371461313,-3.3163279388969458,-11.733471761962678
-53.469924347773436,-3.3171173380791177,-11.725497430479821
-53.47620074170644,-3.3160789663060832,-11.713024715391917
-53.48112579691655,-3.316488265199767,-11.707384148176185
-53.483303533991155,-3.318028973947888,-11.703022831712174
-53.484908843126014,-3.3218527229005304,-11.699041095328434
-53.483713788810256,-3.3253832401688084,-11.698095625368458
-53.48502967865067,-3.328025838977552,-11.701874329044504
-53.48852665468398,-3.3316174064798028,-11.702277623597878
-53.487363344913206,-3.3332467614490975,-11.700011165097736
-53.48970814950189,-3.3350774602646025,-11.697861281183732
-53.49694724098009,-3.3372289600805334,-11.69144711219046
-53.498294580371336,-3.333445897204965,-11.6905380050337
-53.50043031774639,-3.3336551095066715,-11.682512826432932
-53.50423217777399,-3.3290373048957376,-11.683354048021533
-53.510352522220025,-3.329536829287898,-11.666967921841236
-53.51130410468597,-3.3270028084502834,-11.667617341711852
-53.521850103123754,-3.3239212552703825,-11.670308694934109
-53.52562359858296,-3.3210483926188843,-11.678014286205617
-53.52640355794967,-3.317981756685386,-11.678627910171269
-53.52693356129463,-3.321122199527804,-11.682054991865916
-53.5240962710062,-3.3200445282830517,-11.688236462630158
-53.52549682771013,-3.31685318922585,-11.700095358960331
-53.52293469424385,-3.317896420274957,-11.706986421881979
-53.52293469424385,-3.317896420274957,-11.706986421881979
-53.51409212624769,-3.3182313197265567,-11.715486180542683
-53.50881317842278,-3.3169231586928274,-11.713966071035442
-53.504112792132055,-3.3150703636493244,-11.710492254833847
-53.50634087024638,-3.309613250943494,-11.71314253105886
-53.51121051090312,-3.3073713928729123,-11.721436001633572
-53.51489538721869,-3.3068194522199814,-11.727765659138866
-53.52013624265272,-3.3080685488884654,-11.729943050110569
-53.52089417691632,-3.3099253220709377,-11.735004594471087
-53.522775788425626,-3.3121446617437917,-11.737923023898423
-53.525332904450615,-3.3156999944443513,-11.739341811228508
-53.527614929622,-3.3197935835029515,-11.737402347061634
-53.52831431509227,-3.32096770020072,-11.735647872374035
-53.523309566085416,-3.3228228049330593,-11.726322910636235
-53.52458688287773,-3.3232155699001207,-11.726812501634308
-53.52030867493174,-3.325447662505147,-11.722782822966659
-53.52308547024373,-3.326256565984236,-11.721994118040136
-53.52406148500973,-3.3281952595596827,-11.724535072268107
-53.530197449384,-3.329064678799283,-11.729123388706938
-53.53403980219748,-3.3285383674025035,-11.734316966676365
-53.538308466228784,-3.3300718102761997,-11.735396707494386
-53.542647834876355,-3.3295407674611113,-11.733967848412167
-53.54488455974707,-3.3302230982664813,-11.732148352056669
-53.54338321212208,-3.3274785956710473,-11.733164995212864
-53.54467280386561,-3.3291693499769583,-11.732044462562797
-53.54523752486984,-3.332236771319123,-11.730065173781144
-53.538104693560136,-3.332455354989834,-11.721759461034498
-53.53964268351142,-3.3380675819453383,-11.71835519408973
-53.535155838091455,-3.340121422106135,-11.714092527131527
-53.52968659543092,-3.3404660560705137,-11.712072323693913
-53.51851968585176,-3.3436311155856084,-11.70698080805315
-53.518127467431185,-3.347768246920428,-11.705451535256094
-53.511420484245754,-3.3454272664537466,-11.701580412216423
-53.51124702312807,-3.3471236994651106,-11.700157476765524
-53.509423520630605,-3.3490519614782284,-11.68654921337497
-53.511626301454676,-3.3498376530564093,-11.674827941096298
-53.511542940164,-3.349273394546888,-11.665261391236522
-53.513999131179474,-3.347856153798588,-11.65814685194962
-53.51597536448889,-3.347876896107815,-11.652550219276137
-53.51442474793765,-3.346573148395299,-11.648198062201585
-53.51436557186484,-3.3494679314813394,-11.643072685546143
-53.51212409708394,-3.3519819061179597,-11.642970502990018
-53.51012575497278,-3.3573267420584507,-11.643686790487944
-53.50668281390986,-3.361595558886118,-11.64608101862445
-53.502711714672046,-3.3632766991781007,-11.649319413625632
-53.49962182832827,-3.3640352155763122,-11.653487560227873
-53.50304482113948,-3.3626495709378705,-11.654275180598505
-53.48973280943362,-3.363730624666319,-11.664129847068889
-53.481549681246825,-3.3655054724259097,-11.66621645313715
-53.47143696548591,-3.3705078437739453,-11.67068246526028
-53.46200668329223,-3.37761745479213,-11.672835033296337
-53.45210864147297,-3.3855962273600517,-11.675346365554972
-53.448182700820105,-3.380557330961887,-11.675811197882878
-53.44072444816585,-3.3886014905762427,-11.681426517763695
-53.43428993889813,-3.406296053629777,-11.681912121099712
-53.43389991281999,-3.4088688754718164,-11.68396556477849
-53.434912128509616,-3.4123920231535827,-11.677564123061613
-53.43338222077067,-3.4150040843008886,-11.666117663908375
-53.43415905891835,-3.4138105252158777,-11.66354150158507
-53.433128896055564,-3.413342446671095,-11.652110113307016
-53.43662189720385,-3.4163756928780695,-11.63614311726652
-53.438082481565836,-3.41474131414706,-11.63283150196752
-53.43870334220781,-3.4141598375215962,-11.631297017085942
-53.440814737873566,-3.413731620161331,-11.629885692660148
-53.43815883370369,-3.4132590711749895,-11.632244459134753
-53.434740395533936,-3.4092290227411404,-11.64108762979345
-53.43825049281872,-3.40383976760174,-11.650134693150912
-53.44569990126325,-3.3941608949959545,-11.669030968517033
-53.44227032613983,-3.3942955161940036,-11.671316616517599
-53.44868100300937,-3.387387642849607,-11.683383704212035
-53.455616672312956,-3.3790502308804364,-11.692415963193879
-53.45406940822034,-3.3802592616996012,-11.693274736724101
-53.45209073218376,-3.3804770247790112,-11.6937500583298
-53.45808865346586,-3.375926261037299,-11.700157030196536
-53.463147680706825,-3.3731076808066756,-11.705483623257997
-53.46432129805522,-3.3704605151884164,-11.709245867418405
-53.466888456878635,-3.3654026732428752,-11.711573273143157
-53.46133686827135,-3.3596130948682528,-11.710414682046586
-53.45636522747646,-3.3542708359700297,-11.707450461800285
-53.45203990741111,-3.3535883964082895,-11.705507920405532
-53.44830022018057,-3.3534015970111644,-11.706731189364028
-53.44730640485232,-3.358820012038054,-11.707440814599025
-53.45301332300567,-3.370819709213569,-11.697615826426418
-53.45301332300567,-3.370819709213569,-11.697615826426418
-53.45228502079285,-3.3661682994408335,-11.70096341228963
-53.460890883963565,-3.3605682328448983,-11.68714811006155
-53.4664024140569,-3.359008703380727,-11.678322464694551
-53.47336979687385,-3.3491967932452957,-11.670295603126453
-53.475500604667765,-3.3450546640911973,-11.669943632690456
-53.47899340521905,-3.3446430159399565,-11.661524581267928
-53.4838504949515,-3.344840840310688,-11.649592639373068
-53.48499557947985,-3.3437342378590054,-11.650195722279818
-53.4831264605031,-3.34396527657218,-11.650821792317316
-53.47558991223405,-3.346345187012871,-11.655598024582009
-53.454941265080535,-3.3509615650438374,-11.684470991154196
-53.454805735856816,-3.349131068019311,-11.684056352818187
-53.44425025548515,-3.3528293081195026,-11.702369598459263
-53.444814701500384,-3.3480093366734027,-11.702402952890612
-53.43742791723672,-3.351000860494011,-11.720303948758735
-53.44200785515488,-3.3448181330005053,-11.718788503227564
-53.433764542917594,-3.348896392607905,-11.731547903576597
-53.42698703091019,-3.345806705658092,-11.74253845921344
-53.41945119765743,-3.3449969052904187,-11.751649471981146
-53.41034046720978,-3.3539126251229527,-11.75357562434227
-53.40885234590127,-3.351543365968453,-11.755104534616216
-53.40357587290756,-3.35391564137766,-11.751613337743049
-53.400848277785094,-3.3598456016900755,-11.7367481835765
-53.390917740661926,-3.3676193302434494,-11.701610684736647
-53.38366962892959,-3.3730666766756596,-11.687229574287132
-53.380520752058295,-3.377995426938963,-11.67091916454491
-53.377155866681825,-3.382388750708785,-11.659316328780761
-53.37496479232149,-3.386144108787807,-11.651286931506233
-53.37076704712426,-3.3879822064541583,-11.644445476032788
-53.3664505651325,-3.3906090400226843,-11.650042717109308
-53.36199241407726,-3.389703699286054,-11.659460550919057
-53.3570640947138,-3.3880158866325227,-11.668493692749294
-53.35274949442623,-3.384596908939806,-11.678216593909255
-53.35177206307549,-3.3736860048470523,-11.702569993876587
-53.35446084393857,-3.3672098672682576,-11.71243559045216
-53.35991944888145,-3.363465466963294,-11.720487005466534
-53.36402564582425,-3.3583793123920422,-11.725677808944175
-53.366337874449016,-3.35512435211888,-11.727492971842288
-53.37072576354594,-3.3479229519931923,-11.722680314860607
-53.370418355130035,-3.3451929359585852,-11.717354393272945
-53.36911192077375,-3.348788378864378,-11.716611450051328
-53.37064268929905,-3.34768390910804,-11.70685209881022
-53.37086562429739,-3.34531282938941,-11.699853301928417
-53.37234323246264,-3.3430027310851065,-11.691943354025717
-53.36997964358771,-3.343726763221953,-11.68229491109808
-53.36643318814149,-3.3444266962757494,-11.664766249623115
-53.36520995757407,-3.3424456430153553,-11.665269913162193
-53.36403610894226,-3.3443524597279617,-11.668369962012374
-53.36244034343415,-3.3450088276820567,-11.675651107230815
-53.35923810002138,-3.3502438732874835,-11.682090091739619
-53.355885621301354,-3.3579734108206405,-11.68587325129255
-53.356547355499224,-3.3577219525224047,-11.688636993771498
-53.348218345164426,-3.3700784719389194,-11.694253711849798
-53.348628352567495,-3.372961125587074,-11.70059519716197
-53.34782006894793,-3.374998241911677,-11.707827000183752
-53.34706309547799,-3.3757568302357663,-11.709709773813996
-53.345167935503326,-3.3774843706620654,-11.716712701446054
-53.343648500286434,-3.3774044068574027,-11.722408148888828
-53.33709330489016,-3.3800635729128192,-11.705009773298178
-53.33070994542461,-3.3808006454257136,-11.691205212839886
-53.32705554528445,-3.385139508855578,-11.674729164017727
-53.329791945896325,-3.383451308721711,-11.67689514428062
-53.3263327386459,-3.3974372882719757,-11.637964607902473
-53.325073192361984,-3.4024747585307185,-11.623391845374478
-53.32648390969989,-3.4001186651617163,-11.62443864650492
-53.32108285492737,-3.415453055160056,-11.599664861123308
-53.3178235392686,-3.4162934410893886,-11.590598203000903
-53.31550970013618,-3.4213416409022264,-11.586133338784995
-53.312401519307066,-3.426486691797043,-11.58627489974184
-53.29791299224785,-3.441061041667136,-11.595671415457053
-53.28927868902617,-3.442658774541669,-11.600478497284964
-53.27902861141865,-3.448381287809843,-11.601688729446348
-53.26940717181043,-3.447671635735393,-11.606495471528222
-53.270425670924645,-3.443080260316244,-11.608389821822207
-53.25897801474829,-3.4410713115172404,-11.612815647867286
-53.24839225052982,-3.437590437718217,-11.61642841091091
-53.23721927830761,-3.431623115208897,-11.618500825359218
-53.22631496889861,-3.4333869128266943,-11.620372562900252
-53.22079214400149,-3.440926423284387,-11.62358954877332
-53.21809680465982,-3.4385582725856096,-11.62376976342445
-53.20848066026452,-3.4530571864943838,-11.627323678927016
-53.204708261941114,-3.4583007841370645,-11.631255866525702
-53.2034315750666,-3.4645376297438366,-11.628952224164163
-53.20198998796611,-3.4696602345288525,-11.626057874890465
-53.200668287753935,-3.475025372880251,-11.615296234740804
-53.2014647175133,-3.476754094278894,-11.613393291322547
-53.2042337940645,-3.4818650883857143,-11.603638922944526
-53.206939828928355,-3.483911908330801,-11.601515810942619
-53.207514138407454,-3.4907422082940114,-11.59435660710854
-53.207819458870276,-3.4943087762336296,-11.592154183126782
-53.204049232039054,-3.4933665670627363,-11.5905810900257
-53.20028519639333,-3.491137582172855,-11.589893241540638
-53.20242003477242,-3.4937463772402624,-11.589832237289723
-53.20517341786226,-3.4942505310829115,-11.58997431202047
-53.20361959717567,-3.492430002327354,-11.60452026745974
-53.206264224424096,-3.4942521831055053,-11.614490801244811
-53.20618799095111,-3.4953456343816067,-11.623850621428296
-53.21067909022232,-3.498673258185705,-11.634147644414982
-53.21582299315453,-3.4989897516035517,-11.64609210314257
-53.22134663721752,-3.502176300321728,-11.658289178407099
-53.22632304355101,-3.513208325324128,-11.676040524925643
-53.2234947221732,-3.5143726041341945,-11.677869571634917
-53.216991574249384,-3.514772347493893,-11.674100347559174
-53.216991574249384,-3.514772347493893,-11.674100347559174
-53.200723653809916,-3.510141826215548,-11.662991327550042
-53.18902788915301,-3.517224186123872,-11.652239094351268
-53.17985332602607,-3.521861938581778,-11.648568893840162
-53.17101082890894,-3.5270822995588103,-11.644018935987269
-53.1646818978619,-3.5293483482955725,-11.642259876359239
-53.16521914777496,-3.530804440591841,-11.642761963530456
-53.16188286447719,-3.533667563754442,-11.641985761539672
-53.16169517754381,-3.5378572797341947,-11.634089891488129
-53.16367360550336,-3.5428356553361144,-11.626594853309674
-53.16559997744239,-3.5448581424071035,-11.617926805013843
-53.16833386571129,-3.547968685186451,-11.606881790404222
-53.16833386571129,-3.547968685186451,-11.606881790404222
-53.17103028904413,-3.5488349772403907,-11.596585618781596
-53.17487970004063,-3.547572107991638,-11.591068047701594
-53.17703707296459,-3.5450066961481874,-11.584517925796483
-53.16729977158942,-3.5540347432434984,-11.576012906735045
-53.16071707736945,-3.558620619678813,-11.570859750121155
-53.160893030529145,-3.556140628579369,-11.57034859997128
-53.145464521835294,-3.5651361991687365,-11.566695982730359
-53.14539216868983,-3.563363815170081,-11.56723559846429
-53.13981184830402,-3.563476024624553,-11.56913150485964
-53.139757798850184,-3.5613766926876638,-11.571448240914977
-53.13751059752957,-3.5621025886026842,-11.576919302670946
-53.125192780852046,-3.56680961284038,-11.579095761092919
-53.11807557769423,-3.567748340650315,-11.580007250698896
-53.11128369980026,-3.570368833464417,-11.5776237886033
-53.10189436497915,-3.57223719869164,-11.577073614600002
-53.094215407955865,-3.5734578446133556,-11.57602762581671
-53.087540790907745,-3.576644075654092,-11.578225530971695
-53.083146337746186,-3.581782582687291,-11.579703466171955
-53.08390912555671,-3.5816725532892177,-11.581184074926455
-53.08062754790293,-3.586277242346147,-11.583492818706487
-53.07619050188258,-3.5887285449217763,-11.585462924768933
-53.06310171365312,-3.5937233164322344,-11.581766344438426
-53.06347083317858,-3.5925700222302095,-11.582509363375792
-53.0449983543016,-3.594915005013852,-11.57912885762828
-53.0449983543016,-3.594915005013852,-11.57912885762828
-53.04672855124119,-3.59471032306739,-11.580636085579222
-53.02812774352721,-3.5941987843751537,-11.580500550142283
-53.02180844925368,-3.5945199097476546,-11.58245706784987
-53.02288295491481,-3.5946314647532827,-11.583144936978005
-53.00817402153135,-3.592768221409184,-11.578626965905125
-53.00290986846739,-3.5941738961435377,-11.576974784947065
-53.005417438330696,-3.599570592373154,-11.574403968163718
-52.99549484545235,-3.603134258634926,-11.572507377128453
