-57.55085448559472,0.9583412538618458,-13.826754849905502
-57.556878877221486,0.9543898782872426,-13.824068178598944
-57.53685422048706,0.9313630891885427,-13.831689265947288
-57.527733168927966,0.9179210757596848,-13.833719207109809
-57.5140621973245,0.9024933870095172,-13.833406976008787
-57.489274158725415,0.8812318756318974,-13.825905926996551
-57.46660241859444,0.8663375540411666,-13.820660995796475
-57.45506468519088,0.8618101194515112,-13.818623010043842
-57.439720899648954,0.8563950759935703,-13.818977766316465
-57.42535504099106,0.8564854159613805,-13.817818290404697
-57.42122718258952,0.8554134039223554,-13.818906486702705
-57.41392216921765,0.8734330812696185,-13.812178676308509
-57.41118905358384,0.8726793513182226,-13.81198313023833
-57.418205734612506,0.9012452200903451,-13.814231630000931
-57.42345287579403,0.9145218539651748,-13.821756948466266
-57.415915917863146,0.9112290436545827,-13.822822616849466
-57.422860217198405,0.921721001386574,-13.842360308197884
-57.42391516323627,0.9262247735868997,-13.85528817606451
-57.422897910584936,0.9318462528527127,-13.866807057906755
-57.4192259503928,0.9308243111443715,-13.866249982615377
-57.417488678231,0.9385189411532133,-13.874230276379985
-57.41236455281671,0.9521904942321933,-13.891778183136118
-57.40698052602234,0.9608171336529028,-13.895402369494999
-57.39988838920632,0.9647185499905182,-13.90916617753015
-57.37900822124528,0.9649341938103662,-13.931072536798563
-57.38017375077532,0.9679953551671739,-13.927463930930816
-57.367546399690085,0.9626890817324316,-13.939963212506248
-57.33672790950786,0.946556170437821,-13.959565605583496
-57.32145424486729,0.9375611229748158,-13.96469957051327
-57.30624115606764,0.9312351459034333,-13.966878100859937
-57.28885394996905,0.9266043013252415,-13.967271877119524
-57.27998816714197,0.9275436043195598,-13.960820426208711
-57.28191063580738,0.9300721155638237,-13.958233357859914
-57.24523178360125,0.9151962845016397,-13.950118261430584
-57.23054395760145,0.9106118154292028,-13.937981547131997
-57.21593564077685,0.9110762042384024,-13.929176036123083
-57.200095050907805,0.9036499143110225,-13.92240881488338
-57.189969366561634,0.9026681245780115,-13.91509786934203
-57.19363076154724,0.9067113923547184,-13.918049837888347
-57.1789214394955,0.9047782220605084,-13.905663950137482
-57.17633730027337,0.9052488749014177,-13.898711623500107
-57.175942445433165,0.9062638878989893,-13.892912677093491
-57.177808559564006,0.9096188445040192,-13.890662092004057
-57.18407498565329,0.9131671369362353,-13.891044748314222
-57.18732367005242,0.9141019772995725,-13.897855342133736
-57.187926745372934,0.9151121868944099,-13.910064209500081
-57.18728007967171,0.9105483545618477,-13.923386802556287
-57.181654986442425,0.9094899496374566,-13.936003826580025
-57.18396790653049,0.9042439870024294,-13.935821644822566
-57.17444366661211,0.90179477036135,-13.958621102298764
-57.17060838268151,0.8993544064793516,-13.964556774233262
-57.16960694764698,0.8921090695260235,-13.961678475852445
-57.16811993812348,0.8923021932287359,-13.96484154502367
-57.167862048596994,0.8968613111876076,-13.968058005386386
-57.170863140975044,0.9038215315419209,-13.969681111780067
-57.17858931490293,0.9258299067995375,-13.968454725236963
-57.18390076469629,0.9349077351907173,-13.961741126320092
-57.18466724483138,0.9318872311156665,-13.958258179513157
-57.18364285209282,0.93011057117688,-13.95297373526956
-57.18879360128304,0.9420760034527925,-13.949581369811279
-57.192984776440134,0.9486496632051843,-13.94193118514047
-57.19766061795535,0.950679193489736,-13.937576296303025
-57.19766061795535,0.950679193489736,-13.937576296303025
-57.20914409460675,0.9452510059519296,-13.93337503267077
-57.21466602898868,0.9378934820159698,-13.92848024688816
-57.220345399574576,0.9329080803611827,-13.922762826048245
-57.22533688819891,0.9314695472343816,-13.914519151048058
-57.2346317488623,0.925522408409985,-13.903035216885144
-57.23957899822155,0.9217645728031116,-13.903135558211398
-57.242793242825044,0.9183102235175292,-13.902191591627634
-57.24464706116612,0.9185152696221338,-13.903923748764722
-57.250784702232956,0.9144101294619359,-13.916116799657717
-57.25498421954429,0.9143239757500953,-13.924854227513352
-57.25801764653578,0.9125944108453236,-13.94146267626427
-57.26246738562341,0.9106093525003515,-13.950230291651511
-57.26246738562341,0.9106093525003515,-13.950230291651511
-57.26571084640581,0.9091415180517818,-13.949739300639829
-57.26341247005189,0.9064312413176188,-13.95723422408962
-57.26011525466111,0.9075327259384326,-13.961434789502364
-57.26009977077312,0.9101894161284352,-13.967479378894494
-57.25573743077925,0.9115842718667896,-13.972332034721891
-57.25259372503217,0.9129550364870174,-13.978754458101301
-57.25259372503217,0.9129550364870174,-13.978754458101301
-57.26434594354188,0.9154018351059551,-13.97618254778163
-57.25837725136541,0.9156752605983575,-13.98431128295107
-57.246348537353,0.9168909382504372,-13.993806033146578
-57.25001444373074,0.9173802022082321,-13.994426161432783
-57.2394317725538,0.918998950632275,-14.002764625811977
-57.227692692162094,0.9206923270105943,-14.012886711225542
-57.190893049072855,0.9254673375568307,-14.029365871368093
-57.184006425014026,0.9233072133100484,-14.026836252567874
-57.18948224651082,0.9237238996899477,-14.024978866851534
-57.17915694555601,0.9241281708498108,-14.021178587985753
-57.1731169626972,0.9260327252184531,-14.014608595259253
-57.168881207863144,0.9255212080504045,-14.001334275259936
-57.15716855779495,0.9289277796246113,-13.974586223317086
-57.15457032021704,0.9278149069163393,-13.96011938106873
-57.14689532071133,0.9259824577953604,-13.945241894979294
-57.13765474369887,0.9228268255865251,-13.931804799159611
-57.12006330868332,0.9203389467074764,-13.919595986222834
-57.11186109554118,0.916666564471376,-13.919210730383675
-57.10522990528106,0.9143258208955113,-13.922652493191771
-57.112449925494644,0.9129748605685051,-13.9192416997003
-57.10597413977858,0.9134674064938582,-13.927190413666256
-57.1152680987951,0.9132736107483127,-13.921003163999522
-57.1152680987951,0.9132736107483127,-13.921003163999522
-57.107425768742615,0.9140951307487387,-13.915272653239908
-57.10213808443117,0.9145673079159737,-13.909864038527811
-57.09471287114018,0.9147411244828777,-13.903620317566721
-57.09054483032459,0.9156703804504418,-13.901445069101177
-57.08160140092946,0.9176670564887683,-13.89928179326925
-57.08052044706483,0.9177289206198904,-13.900478183044415
-57.08103995024407,0.9173006900030736,-13.900531512194453
-57.08315241965911,0.9158491930630964,-13.899091974716852
-57.084879417726,0.916618856930619,-13.898555769780222
-57.083866178800335,0.9084078927118598,-13.899528765029292
-57.08913271474072,0.8981947636943621,-13.895249542980142
-57.0960277236256,0.8742759113825294,-13.886708066764001
-57.105133254516254,0.8479327040282099,-13.870515522338707
-57.108010727217064,0.8387708673503861,-13.856739815092997
-57.11101810652789,0.8293755629689632,-13.848010401243636
-57.1145008018922,0.8237276350679474,-13.840141504473277
-57.11567402895547,0.8187200860196812,-13.836614519044744
-57.11527543326188,0.8186989466912019,-13.83856142759274
-57.11404024232754,0.8193505011458283,-13.83787396814333
-57.117134713309234,0.8176253515753321,-13.83619974449484
-57.11298421465773,0.8234122692147995,-13.839105534740098
-57.113196911509846,0.8270478859588262,-13.83847075285593
-57.10658248599031,0.8325535027086438,-13.838132411363727
-57.10588869465834,0.8335468100103337,-13.839205054720592
-57.10289123822087,0.832182747197891,-13.840446913951688
-57.10289123822087,0.832182747197891,-13.840446913951688
-57.100017805631374,0.8282749553151891,-13.840493260123797
-57.09340570380903,0.826956253122789,-13.838490704010779
-57.08584073016429,0.8237033132179827,-13.82980737153981
-57.070886913959924,0.8226562063701565,-13.816708842337686
-57.06551084979591,0.8168431275498711,-13.806029933513669
-57.06354098559855,0.8150415974971038,-13.80503864788235
-57.05989517890012,0.8094355841657921,-13.79987838685693
-57.05889406395904,0.8035521212199721,-13.793997888663325
-57.05956275001997,0.8002621587627495,-13.785948472518537
-57.064086675854874,0.7985124915300911,-13.780617362850228
-57.06835890654417,0.7976314734286662,-13.777150400002267
-57.07286462978503,0.799216519877062,-13.773331387320544
-57.07446486938918,0.799181647778401,-13.771218050079096
-57.07434606973938,0.8002636152676142,-13.770564115101195
-57.07722196714026,0.8023745820902827,-13.772852790850074
-57.08093462028611,0.8013221520893535,-13.776241969155727
-57.086737385707934,0.7976369515796895,-13.780218345551393
-57.09015099258208,0.7971650239715987,-13.78451984274945
-57.089269740401875,0.7958902711462397,-13.78572546956531
-57.099374908888464,0.7913387970755007,-13.789623532573188
-57.11337296854219,0.7911752175044624,-13.794341058117839
-57.12105503579371,0.7905236467849628,-13.797056415433538
-57.127383482823994,0.7886567372645396,-13.800457285118823
-57.126652098015214,0.7876469122253017,-13.801794479129521
-57.13439793625028,0.7852302084877466,-13.80862010356341
-57.14170872419165,0.7827517405285616,-13.815094499582315
-57.148178099780445,0.779587524702083,-13.821780439889638
-57.153358395490734,0.7775827640469251,-13.82957374446164
-57.156616177326974,0.7778727164794669,-13.839854375426581
-57.157907926718416,0.7782476184620303,-13.847264807928493
-57.15499719365718,0.7788992932476759,-13.848504870216546
-57.16146548732262,0.7808010128860953,-13.858389114447904
-57.17291328833277,0.7866261283962129,-13.865132074752312
-57.17626109318716,0.7904100253963674,-13.869351924848669
-57.178957401171914,0.7918997542802769,-13.873189018592878
-57.178957401171914,0.7918997542802769,-13.873189018592878
-57.18279558007313,0.7952525546457918,-13.875496937492464
-57.185561045829715,0.796839353420484,-13.873829371664891
-57.187313140559056,0.7972476070220217,-13.87321875878412
-57.18984510705337,0.7980063055986395,-13.866305104621748
-57.18953533044136,0.7980612490381371,-13.867167981029926
-57.19047263878173,0.7944137073134755,-13.862907659498493
-57.19047263878173,0.7944137073134755,-13.862907659498493
-57.18077918725499,0.7877400593736246,-13.863677808411724
-57.17283713931672,0.7858942561720011,-13.86514558519078
-57.16629942331181,0.785481933033777,-13.86944586371972
-57.159216006011405,0.7842379526856021,-13.871018790403188
-57.1513162810906,0.7832637211131216,-13.869501318553532
-57.152739437011746,0.78433741441017,-13.871315493771814
-57.14624876251196,0.785395141953765,-13.870492543174711
-57.13939121380474,0.7852858783824469,-13.865254995733775
-57.13684915013228,0.78543406716656,-13.858074257924176
-57.12927834941284,0.7815250754121238,-13.847988340425516
-57.12651576834956,0.7799415248180845,-13.842323309613363
-57.12837138087275,0.7796380631419959,-13.843126118216254
-57.123305717084854,0.7771736590645614,-13.835360555415381
-57.11272868275261,0.7737990968288442,-13.824812574860502
-57.11013421878724,0.7724297386175821,-13.820960418378085
-57.11186663390985,0.7718245110198367,-13.820584399994036
-57.1078213604479,0.765931916242127,-13.814074621290018
-57.10975001863812,0.7639306018911921,-13.8122172925796
-57.10864079315263,0.7574171325109345,-13.80913841067104
-57.1095791297394,0.7511056481014463,-13.806403657350764
-57.110260920514854,0.7477042684053652,-13.804008446118571
-57.10915539261767,0.7421601866477944,-13.804722000412989
-57.10715380613728,0.7412652187815724,-13.806255035485353
-57.10811658214745,0.7403101656281577,-13.80485896285945
-57.10277891790346,0.7346196508260142,-13.80549700495305
-57.10183519168767,0.7349530938697688,-13.80308062228038
-57.10087730809185,0.737191397162038,-13.80161791901989
-57.0992044840208,0.7389153673845885,-13.80200108006856
-57.09597876221088,0.742866984427819,-13.804220073079351
-57.09597876221088,0.742866984427819,-13.804220073079351
-57.09348954297322,0.7409373828801545,-13.811741121013256
-57.09201377697603,0.7407704410359112,-13.809518516532266
-57.089844999396846,0.7400638809687623,-13.810872102041397
-57.08917499693044,0.7431156068220798,-13.812621351127552
-57.09323919691155,0.7459106270157354,-13.81028998225638
-57.090186951051535,0.7453612488996825,-13.814733561526769
-57.08564843826624,0.7467365820525992,-13.81562169009998
-57.0766084510649,0.7455450964949215,-13.821406193717936
-57.06851952398153,0.732154822171399,-13.82790838813576
-57.06668378444689,0.7193289120743284,-13.831158791633346
-57.06123675692791,0.7094656913505079,-13.833170563655733
-57.060266555994566,0.7017743314273334,-13.834337718099636
-57.05367822212742,0.7050992341617397,-13.838882417139683
-57.049682411570444,0.7006987958859673,-13.842659378509172
-57.04289935356349,0.6982856062659542,-13.842968994313615
-57.0261510718218,0.6984388270826491,-13.838019381011527
-57.01430687375834,0.6999258330485574,-13.832521179269445
-57.00229133189166,0.7054866264970813,-13.833599553686087
-56.99834873641046,0.7051472615763261,-13.824598499197313
-56.977389228234365,0.7305833727799091,-13.82426851516748
-56.96946487020059,0.746281390136843,-13.826116470334592
-56.96324789385007,0.7608368529473905,-13.830701769339973
-56.95526769330731,0.7704543538641798,-13.840236571458322
-56.95029132675243,0.7792437869703306,-13.84822809436466
-56.95458560049191,0.7796330836824308,-13.845017988665571
-56.95951283169838,0.7792245383913835,-13.842002192994563
-56.94639102849164,0.7881314520182082,-13.872625296102646
-56.94417139669079,0.7850847583699095,-13.898190987606215
-56.94829652328704,0.7778037396975231,-13.904453861049406
-56.94778944058975,0.7701448201709206,-13.910283717477412
-56.95068234480276,0.769420358678988,-13.909365557464302
-56.946134956749596,0.7562996798984981,-13.90770315999508
-56.941747648906826,0.7531673019338296,-13.898155791572233
-56.93931150208595,0.7497709294162038,-13.887790165449774
-56.937936386368875,0.7410428309876974,-13.876399476734141
-56.934565559546364,0.7276088007977806,-13.866302064259582
-56.934565559546364,0.7276088007977806,-13.866302064259582
-56.928131717182495,0.7015508835751677,-13.845382971959891
-56.92382962380379,0.6948188397309126,-13.835562774467572
-56.92089082438565,0.6908755817923111,-13.833795884476835
-56.91593908165814,0.6886077349924691,-13.83437996615388
-56.912156042018786,0.6892194644991709,-13.843205738457552
-56.912156042018786,0.6892194644991709,-13.843205738457552
-56.91078434012378,0.6955706742669027,-13.855454555272093
-56.913446557754654,0.6994020679146732,-13.86100300658871
-56.91536533205428,0.7027486857904198,-13.865899836442239
-56.91792751169608,0.7056020270612234,-13.869287831262884
-56.923158585458324,0.7065127000057414,-13.870495713369333
-56.931901865700404,0.7060679067420463,-13.873193258867058
-56.931901865700404,0.7060679067420463,-13.873193258867058
-56.93711022459087,0.7014822809797572,-13.871166311860161
-56.94418761711434,0.7073299537692727,-13.878233027760633
-56.95268984282372,0.70548712832706,-13.878583896183898
-56.957962240562345,0.7061273243328249,-13.880623280547336
-56.961619844026785,0.7067580683400051,-13.884063635099226
-56.96722293550917,0.7051398326869981,-13.888522445891157
-56.968146004638385,0.704251368735365,-13.89221255219146
-56.965939080249655,0.7018437623853103,-13.896341375418412
-56.96334504445748,0.6981542895262851,-13.89990018045359
-56.95611353506069,0.6933819674420578,-13.904893693102796
-56.951224758920674,0.6901202761702591,-13.903785567943029
-56.9503077697817,0.693498575665357,-13.908682248889578
-56.94366170422108,0.6930630153645547,-13.910350515270098
-56.92667194233796,0.6867126822710736,-13.906390571497509
-56.926858724945824,0.689090878283278,-13.909001339052745
-56.90837284598999,0.6801250486212606,-13.900708640564655
-56.90099362151718,0.6770392024743707,-13.900136811521863
-56.90333240006909,0.6824961351005029,-13.904775502452656
-56.899657353583244,0.682365244134132,-13.909057731184292
-56.89922402823242,0.6805875969926468,-13.912658483083638
-56.90274144849783,0.6704616515573891,-13.911016173912802
-56.90612216377152,0.6675990915857578,-13.909386890734352
-56.911916283213294,0.6644937042774134,-13.906574621647698
-56.911916283213294,0.6644937042774134,-13.906574621647698
-56.921061091516286,0.6609179061595671,-13.898010377645495
-56.92515182946129,0.6619223008977257,-13.893801853088371
-56.930619838746416,0.6638945351574719,-13.89338931519352
-56.93659068103179,0.6682707041432687,-13.895776964379639
-56.94381901251709,0.6739486335033616,-13.904479150246427
-56.94381901251709,0.6739486335033616,-13.904479150246427
-56.95241081259216,0.6785353822676785,-13.930747705615167
-56.95479472628922,0.6817148328565805,-13.946170281542235
-56.95590627558083,0.6812224918474702,-13.959341918016257
-56.95711322438773,0.67893661738869,-13.971032626452184
-56.95672904354801,0.6776827251950701,-13.971499874175526
-56.95897657629914,0.6757884487324453,-13.977271618194612
-56.95834707709835,0.6747956612472796,-13.97833908585904
-56.969162476625065,0.6752873224624943,-13.97525529565743
-56.97610056125879,0.675344471977949,-13.96769581099907
-56.99322539039777,0.6757958653531017,-13.945791457884175
-56.99186835066274,0.6748773868691156,-13.946446139208186
-57.008934543385834,0.6650816252034902,-13.920115840452207
-57.008934543385834,0.6650816252034902,-13.920115840452207
-57.01504103785056,0.657170838098667,-13.910670041148315
-57.02161059265899,0.6516297970094104,-13.908500952094156
-57.02840753459773,0.6468530067942087,-13.907434705310475
-57.043655943827915,0.6362073883693393,-13.915016952807123
-57.05362745126026,0.6328986754443675,-13.921439539308734
-57.05525815067767,0.6354272787688701,-13.922306828954207
-57.056654983041604,0.6416286161514143,-13.920822328130212
-57.056654983041604,0.6416286161514143,-13.920822328130212
-57.066733064456,0.632133109549217,-13.937970937867295
-57.06416830032442,0.6407951987059674,-13.935329206845417
-57.066489561342124,0.6312680133572738,-13.941118883545334
-57.06275752382926,0.6317786620847137,-13.945070445683031
-57.062441739002544,0.6289175622151034,-13.946830156714281
-57.06082729665454,0.6221189210640466,-13.939497611603178
-57.0620434458141,0.6279557192639348,-13.941194258462268
-57.06284286200543,0.6246382421430123,-13.926455281055262
-57.06284286200543,0.6246382421430123,-13.926455281055262
-57.0620498211414,0.6250293447240879,-13.911908361369726
-57.058274758671374,0.624914009386303,-13.908263912620956
-57.054218205384394,0.6301448173110762,-13.910973734875103
-57.04930680414821,0.6117991128381177,-13.906967878897348
-57.048471077239796,0.6012914468813967,-13.90870277683774
-57.051023413376456,0.5871564714242985,-13.907410744919787
-57.05237368256338,0.5764499648621968,-13.91067798284547
-57.056443400111256,0.567506933566818,-13.912734968572966
-57.05680819903338,0.5689877806407909,-13.915523110991263
-57.0562408984234,0.5714509507618861,-13.919524668712361
-57.054031101343234,0.5715777912322793,-13.920431432566836
-57.06025541863013,0.5585972919147337,-13.919922960459676
-57.069297748372534,0.54940089101411,-13.917991624098232
-57.066850066667406,0.5489417761491582,-13.917796938651188
-57.074560306548115,0.541293328001358,-13.913354146245853
-57.08626278179185,0.5432135055637456,-13.911083266531787
-57.085867363925935,0.5421510174871461,-13.911137487976696
-57.09536582771111,0.547849534764785,-13.909845832333856
-57.10962372217359,0.5567313419851126,-13.911032593400423
-57.10855356739447,0.5548553355220595,-13.909732929368136
-57.12432036816637,0.5612775014824349,-13.909246798263064
-57.13257356876697,0.5614037393467962,-13.908595287014824
-57.14185232735913,0.5615844018430537,-13.908006720815777
-57.14991553588181,0.5606909865255676,-13.90608734878591
-57.16276526440645,0.5639732864348013,-13.90280173994664
-57.16276526440645,0.5639732864348013,-13.90280173994664
-57.16095474437265,0.5619823060031411,-13.898121007082027
-57.1582152079396,0.5624977951964205,-13.89410208381282
-57.14626523319234,0.5641255642164988,-13.892317308896747
-57.14172648748037,0.5611488078154461,-13.897699965834548
-57.141303575009275,0.5526385154264833,-13.901105579621225
-57.13315160316336,0.5442720936608607,-13.907313190383613
-57.13224751143306,0.5351076196596398,-13.918225952176678
-57.12992927449557,0.5371750748448556,-13.929578444471076
-57.135580683853384,0.5392255340563573,-13.933373798369328
-57.14358021001983,0.5410525244961675,-13.935083861367382
-57.146955467433195,0.540055711380677,-13.935062471046981
-57.154963169671646,0.5434337874900002,-13.931654816150331
-57.16182265993679,0.5432343085143954,-13.924566884825364
-57.16676694002115,0.5443741391610325,-13.911122148144445
-57.16593385355499,0.5457102722950723,-13.905297921447533
-57.16282868141396,0.5448796112814874,-13.899988155533073
-57.15604409888444,0.5441951513960713,-13.896901671370298
-57.15927482560842,0.5416640153727978,-13.896106999984989
-57.16103380749962,0.5404053341603624,-13.895733492597005
-57.14598288521465,0.5347920677510657,-13.887542290951368
-57.13289940876651,0.5316106078745544,-13.879225315509183
-57.124768202933744,0.5304401346492679,-13.872187679036438
-57.121342561734835,0.5308046986504283,-13.867001643311816
-57.121342561734835,0.5308046986504283,-13.867001643311816
-57.11169074827877,0.5319715916490462,-13.846670683139754
-57.11062740611935,0.5341200934024318,-13.84060691229754
-57.107533654157656,0.5346341316941443,-13.83306801219478
-57.1053821167775,0.5345904575101446,-13.82561213621604
-57.10220079651904,0.5352391939107813,-13.8195162341161
-57.0987828019803,0.535558101411462,-13.823397811615624
-57.095081537160624,0.536857232561529,-13.819778343711596
-57.0913172543056,0.5377362043210683,-13.823783466604064
-57.08831667088638,0.5399360774763715,-13.82359745074931
-57.090441195402114,0.5430744060273046,-13.827424646168867
-57.08807855944075,0.5433862773522523,-13.831374395910045
-57.0999955231182,0.5482443077137236,-13.841999332712044
-57.11348178793699,0.5499871940607204,-13.868677498605367
-57.10724657644557,0.5489700885376247,-13.876940079531414
-57.11222381985687,0.5493287972839221,-13.894104683475142
-57.11012028943994,0.5503212531942012,-13.896009780272271
-57.1169335185892,0.5516262899697538,-13.911818587603165
-57.123269241465664,0.5535210809753907,-13.925352630849936
-57.12867090372776,0.5586596925255605,-13.938136952288563
-57.13425354107353,0.5661820919570951,-13.948584451318187
-57.14710193730424,0.5759666418994112,-13.968765684892526
-57.14734567071875,0.5760898710900827,-13.968103535909115
-57.15984922753161,0.5823895731774237,-13.976521058780804
-57.16431548533002,0.5821768091996412,-13.975226829639748
-57.16773745992926,0.5832729630845791,-13.97138411976437
-57.1677459779783,0.5824418741666226,-13.967765651738898
-57.172316483411976,0.5834639896466554,-13.962311029163931
-57.17778309263067,0.5827295626385115,-13.949874885427045
-57.18384695521909,0.5801897421264814,-13.942252808719763
-57.1919927991922,0.5704606069810525,-13.922358785948404
-57.1919927991922,0.5704606069810525,-13.922358785948404
-57.196251163473306,0.5608281140827382,-13.9023950740895
-57.195953735372186,0.5541693177276804,-13.895011040539853
-57.19482447295316,0.5499704222669018,-13.89033266716296
-57.19263752831677,0.5443071976799204,-13.885712160582228
-57.18907712004992,0.536662614142666,-13.8833037046863
-57.18749220041084,0.5388685150962954,-13.883318181321023
-57.18328715602661,0.5289807443915006,-13.879239349564251
-57.18327391914282,0.5237328968196721,-13.876599113955574
-57.18446691927143,0.5249529050016766,-13.874978670675466
-57.18683552949868,0.5310821434816623,-13.872971659640243
-57.18579165123776,0.5341250833383878,-13.872971809712807
-57.18881323903181,0.536183826699735,-13.86936791684157
-57.18797688524489,0.5405274638351634,-13.869487447223197
-57.19707446027545,0.5352843923758411,-13.864010540921901
-57.20182035535671,0.5332234283275267,-13.863461679863917
-57.205628676028184,0.5374246829565978,-13.861899868467788
-57.21362559803011,0.5366465977750104,-13.865127630551603
-57.21493457605257,0.5416395940783891,-13.864950553034372
-57.21663018390228,0.5362313622231946,-13.869466519174004
-57.21724738323089,0.5356963201760546,-13.868895923458261
-57.21858843368282,0.5338457484028927,-13.868874845537336
-57.21299463182516,0.5324065679980242,-13.86870293392913
-57.20891107362516,0.5240483580683416,-13.87217260233967
-57.20409741397987,0.5143035443476954,-13.875392426215955
-57.20091813232819,0.5158337897714509,-13.878802306284056
-57.19754560542649,0.5084801929092556,-13.881320626000774
-57.19599269433813,0.505710893933953,-13.882657140265513
-57.195233196014186,0.5057416041566392,-13.879686583492763
-57.19285600035441,0.5057421018639064,-13.87609953233114
-57.19081789911701,0.5054528276742182,-13.874030692459076
-57.18899254333252,0.5029191480208618,-13.870820146082076
-57.1886399830753,0.5022389475173291,-13.87106029316528
-57.18613805458901,0.4995444036474239,-13.86959587791406
-57.181951032730616,0.49780376246657176,-13.868726148528191
-57.17821053032996,0.49799638201442187,-13.870702787287973
-57.16784079654429,0.5047276670211784,-13.869720728493927
-57.16765596397791,0.5031090431209149,-13.869748319302676
-57.16189427303237,0.5069936607009871,-13.869143638411849
-57.15721296545628,0.510168061235343,-13.867950249380996
-57.154807819351575,0.5147574888149957,-13.863740080261765
-57.157297921562744,0.5133883080567263,-13.855439883234624
-57.162979047887305,0.5125454317685226,-13.847799027221251
-57.162979047887305,0.5125454317685226,-13.847799027221251
-57.16902841601388,0.5079798842798396,-13.837137999331256
-57.17206410389183,0.5039659554891063,-13.828701723447093
-57.169741472305724,0.49905991822314805,-13.815809533187906
-57.166415378587644,0.4987748038272145,-13.800540987056372
-57.16152848185255,0.5023331991030365,-13.777938144444734
-57.15317866761818,0.4979041582627741,-13.773257860592182
-57.14985576936981,0.4933817415494842,-13.767056708485676
-57.141984516150586,0.47933142967089915,-13.760893726719981
-57.139072079647505,0.47553200262147705,-13.759356584918084
-57.13904215702985,0.47837530349739016,-13.762520098391859
-57.141868899645196,0.4804835587198448,-13.764907921109447
-57.14234961769882,0.4816032137319751,-13.765855777872158
-57.14968780637093,0.4908487705894339,-13.770981006097447
-57.15064857949958,0.4932200368553563,-13.769923350640235
-57.16106405345969,0.4953110252366357,-13.775602114414575
-57.16490614998129,0.4966582269048787,-13.781118063667938
-57.16767445125478,0.4976651660526614,-13.788556396180397
-57.16767445125478,0.4976651660526614,-13.788556396180397
-57.16932340287552,0.499900361615486,-13.789188543926558
-57.16642246126944,0.4961836385819633,-13.805505382909388
-57.16611782392007,0.49521909715706086,-13.816745367556104
-57.16820938108152,0.49309949164381667,-13.82571901183955
-57.16974152836324,0.49048463700250977,-13.845535603126606
-57.169027822306084,0.48905223125559877,-13.8552287252663
-57.169027822306084,0.48905223125559877,-13.8552287252663
-57.17470053640402,0.48795896552801954,-13.861616251581397
-57.17489851234664,0.4870817585388113,-13.864201544342112
-57.17562295475676,0.48921286543468817,-13.866277897068437
-57.17544141511246,0.4922635904313384,-13.86641230473682
-57.16828320309644,0.4910547546333801,-13.860203225554905
-57.16037959744041,0.4928072328330653,-13.854114238166154
-57.145714949725004,0.49925034312325745,-13.839391830999642
-57.13779234127871,0.5052205392686937,-13.835005903598203
-57.12759821317719,0.5092819559965216,-13.829007533611579
-57.118866879593085,0.5121055911708656,-13.825585508342893
-57.118866879593085,0.5121055911708656,-13.825585508342893
-57.11017193946491,0.5173077652540321,-13.827118136740273
-57.10158849196968,0.5189104549202918,-13.824583642993488
-57.09268930528881,0.519156136391512,-13.830127031606926
-57.087177748323825,0.5177801899675274,-13.834682600173384
-57.087536383144574,0.5164380604233688,-13.836360156386997
-57.08432742432215,0.5134597044451351,-13.839259081407443
-57.08615655284956,0.5070921388396558,-13.852156728902528
-57.08673604011141,0.5031879524353438,-13.854288566802412
-57.09102517215021,0.4978485494441637,-13.862318950765127
-57.09027309920486,0.4964314882595229,-13.86089808723762
-57.09115052351396,0.4948566958173116,-13.86347911577193
-57.095928146976476,0.49969842318760516,-13.866636982365975
-57.0987620516831,0.5024299749317177,-13.867523128108905
-57.09933424766071,0.5011290363154264,-13.865838002045818
-57.10299315851614,0.5032573795228401,-13.862988452473457
-57.11235399395413,0.5010326271189267,-13.8609136930692
-57.11617353559937,0.49807355343206944,-13.858655100742418
-57.11846437656851,0.49749513463207834,-13.855553834618133
-57.12101171577656,0.4988430267483372,-13.85367923115556
-57.12828313984172,0.5021569717829832,-13.846265764763476
-57.130913805361615,0.5037658171788927,-13.844569161172426
-57.13206926874402,0.5057707540160429,-13.843518024075038
-57.13336898379136,0.5038740444059068,-13.840769845097261
-57.13332840364199,0.501293530170291,-13.843035420685169
-57.13274467753302,0.49975809856610637,-13.846260993754182
-57.131045761252935,0.49633291340466446,-13.84778595244534
-57.128184566027215,0.4936475980765031,-13.849843796744233
-57.12522192930509,0.48981964516181975,-13.851217616640783
-57.12481818003825,0.4848288378115386,-13.852851553049204
-57.12503510919882,0.4829384754946649,-13.854043523065359
-57.12586904032611,0.48304837070844353,-13.856293985893254
-57.12710075372331,0.4826174711389364,-13.853890055542909
-57.12818364929019,0.4806354071223857,-13.852672998649396
-57.12806424525063,0.4779925703211064,-13.851455844937538
-57.12837201181656,0.4749954882597747,-13.847582484889514
-57.12634527191163,0.4704301865921428,-13.835876807215753
-57.120848918213795,0.4666430212055769,-13.833279760512752
-57.120848918213795,0.4666430212055769,-13.833279760512752
-57.118891828321395,0.46633667685367575,-13.822824758203222
-57.10806642742105,0.46204436426782103,-13.811881578520978
-57.11102113451431,0.4651716598452133,-13.803184301152195
-57.10391977985479,0.46329700335080903,-13.798618327100954
-57.10267814561873,0.46518951184117485,-13.79137868659701
-57.094625227707034,0.4629844586352111,-13.785943677402114
-57.08365298198715,0.4578621268016323,-13.78059898581494
-57.07181049791451,0.4520630992617653,-13.777469869161093
-57.05647466244892,0.4503131966236598,-13.77843582247096
-57.04778605398369,0.445608189412957,-13.776359652069624
-57.04344026013857,0.44130053259843416,-13.771238897963375
-57.040404291944924,0.44335953609439716,-13.769353927659377
-57.03803200439033,0.44565378788027277,-13.764518266715296
-57.035766328993894,0.45033329837871594,-13.760261620050379
-57.03393770433924,0.4512837365372118,-13.755609505928009
-57.033090569361924,0.4527342409502926,-13.755314993943138
-57.03223052227713,0.45270147575705416,-13.753345570028914
-57.02868649813518,0.45490943174052123,-13.754543135379352
-57.03108990617399,0.4561527215660262,-13.765221633382573
-57.03921191858549,0.45915519646768604,-13.772586549693363
-57.043560378465116,0.4599810627525709,-13.785028261257827
-57.05518233328251,0.4614683101454795,-13.794129237294541
-57.068121469509705,0.46435654505388946,-13.803974579831856
-57.06792582411731,0.4620056879669402,-13.806973624430512
-57.10277074982971,0.46874072003221373,-13.815537863471352
-57.10187986886162,0.46557086262343633,-13.816660389680216
-57.10105232143294,0.45932234901059865,-13.816584685492975
-57.13692034396818,0.46523937032091267,-13.817627451434356
-57.15238186301431,0.4681380454177229,-13.821426959139973
-57.16570960107655,0.47351045365229244,-13.822925757378789
-57.17278189787494,0.47345322802379786,-13.829700041925502
-57.18242616145022,0.48491822220795344,-13.830445534405609
-57.18994215578673,0.4908863734997239,-13.833026200823669
-57.18412679588575,0.4883243038708394,-13.835268740930081
-57.185770931659704,0.48257360719564,-13.839227432629226
-57.178668711744585,0.47744822628530187,-13.841744419352018
-57.17385581560201,0.47726139845315263,-13.842475739708364
-57.168256993020876,0.4801279505550389,-13.849148513004788
-57.162232746835436,0.4862046508934907,-13.8514205822546
-57.15306123543328,0.49042072277448845,-13.854550990976369
-57.14406489582164,0.493712020747436,-13.856876467052565
-57.13771432861911,0.4975101221708262,-13.862471481741803
-57.140160391717956,0.49925734562220875,-13.863915286790373
-57.14228431620091,0.5068853553952994,-13.85991496262914
-57.13616676492237,0.509154321645253,-13.852360765503454
-57.13349224380234,0.5084296408295722,-13.84538516365885
-57.13005548182905,0.5062309288105367,-13.83874122348011
-57.1283406493177,0.5041212847887534,-13.829825140290476
-57.12276809491474,0.5005310806278065,-13.818187775714373
-57.122942008983095,0.4956842595957047,-13.807627715129946
-57.11885734506781,0.4901725659572771,-13.796173420455425
-57.123131172502646,0.48249756117894715,-13.785345916992332
-57.12483625216964,0.47368043952804495,-13.772868097311207
-57.12555938410012,0.4638633418640872,-13.763758388353141
-57.12555938410012,0.4638633418640872,-13.763758388353141
-57.126349751609446,0.45519321484440467,-13.757700183386687
-57.12759147193121,0.4414787017881081,-13.749464079586767
-57.12905602565247,0.43900760530567684,-13.74437687687115
-57.128983184217965,0.4388249512655395,-13.748673947647518
-57.130319886388754,0.4396424599397909,-13.748944534997777
-57.1315697203003,0.44001725063217606,-13.746859220597683
-57.132740426181485,0.443284183355676,-13.749697182956302
-57.13290319918222,0.4512045801836302,-13.757409771299415
-57.1322513639949,0.46154785226825856,-13.781063466265307
-57.13121130776181,0.46088715486641624,-13.792603948009734
-57.128978657661314,0.4625087246420985,-13.807474322864765
-57.12734136150017,0.46573556031284974,-13.808899246861147
-57.12458625589985,0.46348810270478996,-13.818996342741489
-57.12075666527502,0.4622358067604983,-13.837148169638319
-57.11798456612306,0.4626521152305544,-13.841256198006025
-57.115953340530126,0.4596321430016999,-13.83996214793389
-57.11201743125382,0.45570049694786957,-13.833893885816465
-57.11052012240121,0.4511574738662797,-13.821928010701493
-57.11267204498631,0.45178529885199864,-13.819655061812009
-57.110003240550355,0.4431627944036898,-13.79803040132682
-57.11233696167232,0.44415872343980956,-13.794663881367832
-57.115375992296585,0.4430219052297128,-13.783914064883101
-57.119398969299205,0.43953315394437703,-13.771748782227068
-57.12827221482357,0.4364328799643046,-13.766040206814932
-57.12827221482357,0.4364328799643046,-13.766040206814932
-57.13007072054138,0.4335798268978604,-13.765579651397456
-57.129668819277164,0.43075631857920194,-13.769710479751822
-57.130881160689974,0.42605569519131464,-13.77074699364427
-57.120986822280194,0.42249489155157594,-13.778856798877541
-57.11439336034876,0.4201184672804098,-13.777560125185719
-57.11432635890121,0.4201885446757444,-13.776039716407139
-57.11403954407156,0.4204675638835558,-13.774447351644223
-57.10437489948053,0.4205154532127832,-13.769407746162205
-57.10409958914375,0.42206932340143327,-13.768628376017313
-57.10135291525678,0.42417796079552184,-13.766221599486647
-57.100654829126384,0.4257249369499212,-13.76048425789468
-57.101653913389306,0.42605945518463867,-13.754582688074544
-57.103427427140296,0.4265097104233358,-13.749570533983364
-57.105096123451304,0.42730018441948564,-13.74906241283833
-57.11005488312387,0.4266118797412037,-13.74514337592415
-57.11280368688495,0.4257924959281423,-13.75215466730045
-57.11280368688495,0.4257924959281423,-13.75215466730045
-57.10893904354201,0.42798725177207586,-13.766139195596946
-57.1088304268489,0.4305824621018327,-13.764393094346753
-57.10903367296657,0.43026228198280425,-13.788503425986159
-57.11109239751588,0.4346414847564341,-13.788453047181186
-57.1178595193474,0.4327128828784286,-13.81838696053643
-57.12330800541049,0.43035879463180654,-13.84249756531622
-57.12667851439116,0.43389350775575686,-13.84168137762228
-57.12879871933436,0.43387267946967367,-13.846939747590891
-57.1315018031659,0.4346747550005099,-13.858021111968695
-57.13459507153926,0.4337528943184159,-13.861879981309032
-57.13792661332672,0.43264243421058485,-13.866366030577861
-57.14409894870258,0.4248722295239925,-13.873089748251012
-57.14222407649529,0.42758274883735625,-13.87355962059062
-57.13958748631008,0.435161240419832,-13.877160088410458
-57.14690148641932,0.41662382824435656,-13.886316064732624
-57.14654121713718,0.4208907203341941,-13.887823537039578
-57.14732314375416,0.41688134609542365,-13.888061766457872
-57.14912205694368,0.41384886349171573,-13.88818109497903
-57.14801509730695,0.41397822670121454,-13.884414887949468
-57.145012294335864,0.41726409913187956,-13.880687900523624
-57.14059423566413,0.4163483255138043,-13.877194770210552
-57.13278920463696,0.4156188737006106,-13.87616945932061
-57.11931639530186,0.4112296065496393,-13.876229166556822
-57.1131863929682,0.4098881693302273,-13.876696555060189
-57.10582503544997,0.4110646975345294,-13.877125758802901
-57.10025649106856,0.4139539244098291,-13.882064951579006
-57.0889268119226,0.4177729445242284,-13.88526930008874
-57.094421886105316,0.4167271470152716,-13.88432429556742
-57.092322362350906,0.41791714791831813,-13.883100119941842
-57.08812244746742,0.4184712811628498,-13.876844343382851
-57.082571438795405,0.4222092097086579,-13.870788975033733
-57.07726989359015,0.4268555686751677,-13.865017746119701
-57.06448358234112,0.42691285013529734,-13.84900429426633
-57.0559838268824,0.42983668955604754,-13.842585825610696
-57.04863026385367,0.43213739131259976,-13.834159659399988
-57.04110478847625,0.4350359150723335,-13.829344585792889
-57.03470887982863,0.43193207524625415,-13.823498533280265
-57.03175605139062,0.4298798752673296,-13.82042902392563
-57.021346572181706,0.42251956279017966,-13.821065053595214
-57.01612595963532,0.4144478589814878,-13.821575524907548
-57.00955424294772,0.40987541509870973,-13.82167527895112
-57.01028833203206,0.40944272575960994,-13.822283773454515
-57.00800206645999,0.40776490792641984,-13.823503067033538
-57.01087275361778,0.4090883787120879,-13.823091935125559
-57.011880935751854,0.40864992465477684,-13.821442214520431
-57.01572807243695,0.4110951511577227,-13.816218672902206
-57.02610556043064,0.42065843714879947,-13.809544763751795
-57.03664748076889,0.4269870692403379,-13.804637297138509
-57.04676107953835,0.4290759737019872,-13.804126532535879
-57.05711627029283,0.43093301087810604,-13.804613566295549
-57.06519418544526,0.43090111714389906,-13.807808738080755
-57.07224020808768,0.4302733452665987,-13.815017420255261
-57.079354594376,0.4255139592901427,-13.818968212657657
-57.08761917522389,0.4193374575159959,-13.838954745569845
-57.088749034411364,0.4185715672914149,-13.836973156815002
-57.09224038548146,0.41753441374825107,-13.849180319275268
-57.094177672684374,0.41625606492591366,-13.871901425233634
-57.09141562282676,0.4135596845007618,-13.876598472959813
-57.086875406604506,0.4125261500507211,-13.882567666237327
-57.08273030767802,0.41291584650297414,-13.890160450068256
-57.076678137970845,0.41292398401657743,-13.893889672319093
-57.05780992145376,0.4110900729667431,-13.890689736142258
-57.05780992145376,0.4110900729667431,-13.890689736142258
-57.04609550334686,0.41198947434016675,-13.885231674801288
-57.026730713489215,0.4071342925294464,-13.865256820175892
-57.01994182342816,0.4046760713842843,-13.8562534503571
-57.01419291162277,0.40018172793429163,-13.84805331315598
-57.00797365276457,0.39627672872167413,-13.838386907659682
-57.01298390694161,0.3978908615536935,-13.839999804662881
-57.00722911614811,0.39406005980132247,-13.834124756022836
-57.00201604159224,0.3907658004317476,-13.831369288337507
-56.99492960088715,0.3849457335261231,-13.82877917941767
-56.9797638078012,0.375968810011186,-13.829881462748663
-56.974466558866474,0.372743966039653,-13.834634874948133
-56.97632241437669,0.3751658351101189,-13.836409462684555
-56.97260128749425,0.3741234563332838,-13.845656765263799
-56.972154347378954,0.3738208565140812,-13.854031636763752
-56.973783881983344,0.3734300857588253,-13.853696907628311
-56.97596070424274,0.371343560036007,-13.868095557912854
-56.974801381374455,0.3708361068828965,-13.875745991422223
-56.97471087582178,0.3675611405861931,-13.881122189339983
-56.976886696653956,0.36332680342180096,-13.883549517624145
-56.98183295102347,0.3618606363571662,-13.885931735783814
-56.988771248233505,0.3583676051807635,-13.886203512141899
-57.0007050625204,0.35707568577297155,-13.891251486208224
-57.005339622235276,0.3534158289804039,-13.89618014386141
-57.005339622235276,0.3534158289804039,-13.89618014386141
-57.010127571786185,0.3505932629370737,-13.902273643935105
-57.01883320619379,0.3477064104107271,-13.923946844277685
-57.0191943415135,0.34523730754314935,-13.935617732832135
-57.016505600563136,0.3458243916763069,-13.946071841134868
-57.01897355842861,0.34975468657982317,-13.953168506504431
-57.01572822364064,0.34907074702801316,-13.9544812645575
-57.01408729252981,0.35053283899502885,-13.955116984341673
-57.01670466930775,0.3543204065399869,-13.960041252471878
-57.021431047111854,0.355344941472902,-13.960100225201781
-57.02081700429453,0.3573648134853691,-13.954467894318112
-57.01808169201767,0.3593800415938635,-13.948448118132942
-57.01694853631443,0.363077783446475,-13.944344722074229
-57.01744134415876,0.3555116537571254,-13.935308634363535
-57.016051110322934,0.3519977392613492,-13.93132882393939
-57.0159582862292,0.34215292198510905,-13.928069355253502
-57.01781730090333,0.338363766876943,-13.925544628442198
-57.02110493331223,0.33862307704639744,-13.925706016473178
-57.0158555025174,0.3352955125414513,-13.921705275702156
-57.01956676189524,0.33731910813551447,-13.922256047922984
-57.02380373876722,0.34254069298576467,-13.917999607930613
-57.009092245203654,0.3414451565745524,-13.907109830658184
-57.001078685366636,0.3413282836523124,-13.904072223999618
-56.99287957694417,0.33791219324459165,-13.905215058077932
-56.98493720944525,0.3214427352098525,-13.913448822936001
-56.98109110294657,0.31198634715067,-13.915427570320256
-56.97612654531115,0.3047629975364804,-13.914915877140208
-56.969372009336766,0.3040193461266318,-13.912593812673093
-56.963863779902674,0.30540038859389673,-13.909647388164464
-56.96276407479694,0.30899302419790825,-13.912582246660723
-56.96237212210558,0.31348582162355126,-13.90688102882759
-56.96029360515,0.31801317386269207,-13.886055476919799
-56.961507581419774,0.31970853695502816,-13.872978746113343
-56.963435491902445,0.32143730991122593,-13.864177654192064
-56.965519203685936,0.3220621567130446,-13.858268983346084
-56.96502416859806,0.3245989175478829,-13.856079533324055
-56.96548148179548,0.32577193008886807,-13.856513302154736
-56.96544565003545,0.3236426756525889,-13.856731155314401
-56.96744921667795,0.3251500628221002,-13.857262792502006
-56.969982631851735,0.32879299854433974,-13.863511211846156
-56.97214537686838,0.32523550935496043,-13.861510502945915
-56.9748335162544,0.32557538724895835,-13.8637352485726
-56.97758519632389,0.3302689799775685,-13.866803742866237
-56.97882160494538,0.3265265158529766,-13.86355299233655
-56.98280670822008,0.3255762890898186,-13.860410358615347
-56.98667973489621,0.3227486042159078,-13.858176969538755
-56.99167700423391,0.32079248124752263,-13.85261610166291
-56.99193749900976,0.3240434424638693,-13.84515962956446
-56.99290242378152,0.32755475970787873,-13.84152625103671
-56.99434048955027,0.3250380057371637,-13.839543196013162
-56.98747750825395,0.31063819707185963,-13.827418341532947
-56.98212875556381,0.29961081922935334,-13.815539275501884
-56.979545923651834,0.29290695350204704,-13.807218505892106
-56.97850860575633,0.2907500705743415,-13.801222644264941
-56.98011247418463,0.29169209323857687,-13.801829760652794
-56.98305210508586,0.29376716207594394,-13.80669446663568
-56.983572002403506,0.2951396031413797,-13.806474026717583
-56.98785182428107,0.30104194075204704,-13.80473457993346
-56.99393379188389,0.3018622808561234,-13.807335872114788
-57.000217509661915,0.29791973921199744,-13.817749384197734
-57.002141606679714,0.2967082656580612,-13.821092157547298
-56.996795418947876,0.2955649236226962,-13.830875722232905
-57.000219434258526,0.2967711836173017,-13.827946030253969
-57.000219434258526,0.2967711836173017,-13.827946030253969
-56.98969124722417,0.29443429843997787,-13.826238160071759
-56.97281595958249,0.2841624836947378,-13.820023665253286
-56.970185442507734,0.28017724181245357,-13.812914798156052
-56.9671848507884,0.27345396327472243,-13.808102561129749
-56.96853405132881,0.27281256625952616,-13.808938737546082
-56.965216524165626,0.26053534245855386,-13.795451909084392
-56.96701105186216,0.25796383771041564,-13.786195444697931
-56.969628195904335,0.2562789443337826,-13.775187935103848
-56.97100031729117,0.2555970595613353,-13.764262813073021
-56.97582213037382,0.25670136815596517,-13.764788555826037
-56.97461529089106,0.256965551478634,-13.757529068144741
-56.97473556947411,0.2567895352874135,-13.758707810784365
-56.96957745150951,0.2596761379426162,-13.757240335869843
-56.96465910113344,0.26082187342949825,-13.754037787726343
-56.95882636116879,0.2633917955563998,-13.754010826483407
-56.95454919205738,0.2672408836304403,-13.75455514234143
-56.9399244401719,0.27798284032663567,-13.761905296432593
-56.9371545512648,0.2779309000766611,-13.7647466001927
-56.921791172115626,0.2905726209379139,-13.776166248213986
-56.916076088824674,0.29570572553355007,-13.780966683989059
-56.912470504066235,0.29729733809462233,-13.786025909256173
-56.91168282108951,0.294587063189889,-13.791984278003216
-56.913220757174535,0.2914077595899144,-13.796814248040802
-56.91677157937905,0.286029549295666,-13.801496692911565
-56.922233467709646,0.2818510423036916,-13.804183653422424
-56.92783521201299,0.27770438195531855,-13.803128403674762
-56.93441902359083,0.2768542581930128,-13.797487264692803
-56.94063393577049,0.27594977900437295,-13.792999940506668
-56.945996217075674,0.2774945390996138,-13.79126714175468
-56.95189271230511,0.27801621793219217,-13.78920291049045
-56.96041270575676,0.27650975000621325,-13.7934833078744
-56.96323217143304,0.27412805860807654,-13.794882755451198
-56.96676762911601,0.26982286462739546,-13.797876151931616
-56.96889994933435,0.26555734057646463,-13.799173879598879
-56.97034418770831,0.26301182967736364,-13.802220732749756
-56.97188185245746,0.26253232828850415,-13.799173927878606
-56.97359906986664,0.2609874466620807,-13.803570421415683
-56.974547596445,0.2608346022798587,-13.801257200081483
-56.97647567003656,0.26050715698103827,-13.803292123476686
-56.976196348210266,0.25994914517838885,-13.80231312023132
-56.97622854949392,0.2579406420435676,-13.802504067041676
-56.968823216892886,0.2584838788478831,-13.793003479453198
-56.96660506737576,0.25983104710592575,-13.787728338740045
-56.9674839842749,0.26204743467815067,-13.786810269259437
-56.96358208853073,0.26153483827494944,-13.783837245162895
-56.959670021398075,0.2658034661586619,-13.78419568753438
-56.95634038850122,0.268410319647126,-13.789895163653814
-56.952277892866924,0.26571943952395777,-13.795814453777389
-56.94901052620499,0.26360389657196004,-13.800398465032668
-56.94485028349822,0.26148008888628366,-13.802140811539767
-56.93793518759285,0.25008566033194407,-13.796442752480266
-56.93639537078218,0.2542612339222535,-13.795726662585952
-56.928603220449524,0.23814962873921897,-13.768475416988588
-56.924780623846814,0.2317621738310342,-13.751298074721207
-56.93010424798092,0.2394378867499915,-13.754680977271777
-56.92956760569531,0.2339148912704945,-13.723384995629523
-56.93095186721385,0.23428399053971136,-13.713467878272448
-56.929916437629686,0.23028771367036613,-13.705221136157558
-56.92998307670679,0.22674492062319246,-13.707836073628574
-56.928991310974055,0.2294389662924372,-13.705832823760959
-56.9243389582355,0.23406545149381108,-13.70514333688325
-56.91117492657897,0.2210001471328122,-13.727131145454594
-56.90115996300972,0.21391230101284506,-13.740283773326132
-56.890300363417445,0.21165587917069775,-13.75023525764457
-56.88201839489397,0.21269699796524888,-13.757943746178858
-56.87315552893793,0.21771283543288641,-13.764215772534376
-56.863148525537284,0.22524808225227344,-13.767029160595943
-56.85196467119893,0.2306336371315077,-13.76583776247815
-56.83267519736817,0.24188727039678107,-13.763073048595412
-56.82312948995936,0.24325957271041712,-13.757375508310153
-56.82051055654126,0.2481113638950431,-13.755552169044476
-56.81769635220422,0.24955050878970556,-13.75088321039241
-56.818707424226794,0.2515651945290749,-13.743712206670413
-56.82438285891821,0.25027100494524096,-13.732912654727613
-56.829308436797625,0.2541817979828777,-13.723692940863573
-56.83123695474127,0.24745005844343335,-13.721660051947655
-56.83716804152555,0.25278536133615526,-13.716500477061869
-56.84278368528721,0.25415341922335943,-13.713895561945943
-56.84905689634294,0.2558602859655802,-13.718665732287578
-56.855018250213234,0.2586581885676527,-13.73033588015356
-56.855660961081,0.2571287188132474,-13.74560553847718
-56.869983967435736,0.2555115839676452,-13.777428795744571
-56.874300474404976,0.2513513048766065,-13.79093241817801
-56.879389194404865,0.2536163168668645,-13.803807956146487
-56.87170311056757,0.2488461015103303,-13.797872146834749
-56.870856103595884,0.2535955319834447,-13.804065260648567
-56.87072789215755,0.26299331865123615,-13.815910519219663
-56.871101612437506,0.26026320467587505,-13.821644612216744
-56.8651402120621,0.2575693686760465,-13.821921277722213
-56.86825919621942,0.2510611780874056,-13.822190450251828
-56.86508458646612,0.2559067745029814,-13.824501934804987
-56.87024246259992,0.25303599162916623,-13.823932539391572
-56.878457164447866,0.2534500791783188,-13.821822148066254
-56.88636055138633,0.25203274718710533,-13.815143086231464
-56.88848826841566,0.25570000339518245,-13.813435401323611
-56.88996261776313,0.24199335586791537,-13.799193317256966
-56.89162114802728,0.24251396363336178,-13.784509244939096
-56.89540520792183,0.24754913011940566,-13.783469713435167
-56.88808799294298,0.23709911414762935,-13.76647371826612
-56.88441256060932,0.22276738459492257,-13.753252532570237
-56.88678003380799,0.21895522506645787,-13.75144668423123
-56.87835480846756,0.20929250606391941,-13.75018775063188
-56.88474458982211,0.21324129586565743,-13.747536240714313
-56.87523717242469,0.20662246524155323,-13.745039247015272
-56.876853851934754,0.20811303914113363,-13.744592106224472
-56.858142697535776,0.1982832537452299,-13.73921601469499
-56.84285910020931,0.1954297189575969,-13.72684311943504
-56.840572570551565,0.19665095285374956,-13.725978470941103
-56.84507468772467,0.19907998879593752,-13.725719683512173
-56.84858773130605,0.2025160013169148,-13.726162454318397
-56.85395415059655,0.19841015460796987,-13.721794429398017
-56.85989435229158,0.19901679248287157,-13.720249032277165
-56.86347337708523,0.19653693427392324,-13.712887157459877
-56.8609805515487,0.20162847909263845,-13.71388322054139
-56.85844936303332,0.2037629782057267,-13.712149044560142
-56.852862710962434,0.20648815029725728,-13.713361044716356
-56.84303778800502,0.20786914035172904,-13.717000334937273
-56.84042778102928,0.20707346921366107,-13.718355132653679
-56.83040092474256,0.20734211411800782,-13.720685231217978
-56.82447888504445,0.20852131316486033,-13.725080372902196
-56.821766913737065,0.21002382723494686,-13.725565312918242
-56.8168446392197,0.20637400008032847,-13.727849006346077
-56.81125648026681,0.20748757769040543,-13.732073918044554
-56.810438822265986,0.20767249855649378,-13.740044612925741
-56.81231989770989,0.20787656188410333,-13.74688261464435
-56.816254000588025,0.20762874514915158,-13.756363713090924
-56.81839145434163,0.21073899143668284,-13.77080942975861
-56.82214309321797,0.20735742591473802,-13.769488755986902
-56.826885427759926,0.19985796040808498,-13.765386655526655
-56.830766056992566,0.20230753627513173,-13.77543933618668
-56.83516676251686,0.20554892636493824,-13.77580069893767
-56.83954834763445,0.20578872040016324,-13.776643612565282
-56.844636823123366,0.20980065687884916,-13.777600862668573
-56.84972287180545,0.2035844767900939,-13.776145370690857
-56.85056329187295,0.19612649276604666,-13.774296635900026
-56.85237613589857,0.1939087103148502,-13.773481169232996
-56.85539704263772,0.1907149645893999,-13.771249710648364
-56.8591085979749,0.1865493656283542,-13.771103631219313
-56.8596011107645,0.18040543225322028,-13.768690004313768
-56.861818175740645,0.1720004810997181,-13.769782003773242
-56.86278307474928,0.1521800984536478,-13.768510222701899
-56.86456113851559,0.14270732587073523,-13.768966725524995
-56.86777306504954,0.13585699790927755,-13.76656220152842
-56.870522676759954,0.13560824206392932,-13.768287901738628
-56.87163403335748,0.13015686702185045,-13.764616693468849
-56.87736194909894,0.12087722702547392,-13.764360829313752
-56.88112460598803,0.10900574991622361,-13.767041739246134
-56.87840713714711,0.09425019877383385,-13.76656460157847
-56.88264284898806,0.08888537171103153,-13.765843728206882
-56.881517986504775,0.08325170848667178,-13.765346520079623
-56.878019033064845,0.08054033923851496,-13.764625263261689
-56.87130983392081,0.07433951065986251,-13.763544427576216
-56.854852898241845,0.06691424834937,-13.756653349019777
-56.83511119321222,0.0617616925908576,-13.758458801808084
-56.82737221472204,0.05744002091079938,-13.762149104979738
-56.822784685223375,0.055844876816307454,-13.76084737510271
-56.81851938404536,0.049554619449017165,-13.757550926947564
-56.81514457367961,0.048398679847301736,-13.751387274634686
-56.81138130087886,0.058346728320937076,-13.750698067165933
-56.80722735159849,0.060364042389400206,-13.742061199266933
-56.806750574018366,0.06745470745889932,-13.734359221985434
-56.803577374962536,0.06549046292634941,-13.727064074069144
-56.8049420302039,0.04901987576286733,-13.719842756013774
-56.80462359287833,0.035140923347686294,-13.717108173652333
-56.79888880712003,0.04513375654092328,-13.715610951422127
-56.792384249020806,0.03624641656781981,-13.714844737790933
-56.78469286013288,0.02840547259633184,-13.718016050788654
-56.78630901484374,0.0166372948013222,-13.730109528106409
-56.78748455103922,0.02065912007668589,-13.73642748809103
-56.79114303182073,0.018332488338873493,-13.735207471120974
-56.788142157812594,0.02082583919098507,-13.733912429890013
-56.80251359712906,0.013575555224584132,-13.719861331856096
-56.807755626287,0.011330852209058996,-13.712952107192663
-56.81111161176597,0.007699162369235147,-13.706304300647126
-56.81344512052016,0.0030297292157383847,-13.700422310914082
-56.81647155162954,-0.0002647640972206429,-13.692819476979583
-56.81051005034267,-0.0030633158116245454,-13.687735415552893
-56.817718962118896,-0.004080374929180632,-13.681261556899539
-56.814695859430806,-0.004599622971776704,-13.677999333871135
-56.82240737546304,-0.004570757093286622,-13.681458097330701
-56.84560969920227,-0.00405162876613265,-13.70139862385493
-56.84485698307217,-0.005312712802212999,-13.699342371735122
-56.85910696268199,-0.0048780398778716745,-13.716686172916033
-56.85953661910527,-0.00401688905243706,-13.715873024348243
-56.85989238877429,-0.0041737415844772556,-13.71621394565379
-56.874825268466296,-0.0020778094046479127,-13.750064662995614
-56.87461184719976,-0.004697714145563028,-13.758197607622128
-56.87081811040438,-0.0062949148499668595,-13.76415139554056
-56.86158731105439,-0.0025416051576474803,-13.76208322165016
-56.85138687083469,0.003318318512134963,-13.75464801818877
-56.83935884369692,0.011666675669705171,-13.745050312739341
-56.830039250315004,0.01764862496356174,-13.73708685033823
-56.82011471739761,0.02089664025955481,-13.73450411926221
-56.80832169323141,0.015858701436305498,-13.731168727580533
-56.80009960971023,0.011951604832958419,-13.727511056476185
-56.788282325023154,0.011900610122451754,-13.730372383477322
-56.768025852984955,0.013730020773363105,-13.741124516242829
-56.75991402674164,0.019420581848124417,-13.753265466000338
-56.7572617552272,0.027603400400116346,-13.762889408955626
-56.748158876854625,0.035207092225375734,-13.773875833470854
-56.743898527672826,0.037742071067281065,-13.77424049185238
-56.74691195759612,0.04167814212078727,-13.774553662123672
-56.747936007103185,0.04660392592193367,-13.76782386353136
-56.751625460843364,0.0531481593544933,-13.762479438976431
-56.74648190336382,0.05313850934309802,-13.740293836898486
-56.74567289744283,0.052777948675225554,-13.741972481950796
